85.188075
18.948876
7.851782
6.778897
76.772666
59.279752
98.119499
29.727622
0.248309
60.512014
1.460005
91.116953
49.821449
26.806787
8.066794
31.478242
45.387506
82.974361
7.129927
85.601856
82.460619
92.403390
60.642795
87.222826
72.439591
32.306123
68.238256
18.339861
30.818025
94.076840
78.973865
16.006100
13.025716
86.825648
22.784997
89.798382
46.105400
20.904496
19.526004
46.353709
81.416509
20.986009
37.470662
31.237959
47.792797
45.537455
62.716201
93.180303
28.511817
69.846128
78.782159
10.972436
62.249518
39.424953
98.195262
34.689109
71.731077
66.433518
53.028970
2.549102
60.510359
32.002835
18.555202
73.536075
18.828483
41.340199
63.334457
64.933883
62.244695
82.860461
11.287592
43.661205
3.846470
48.758254
74.899163
51.639267
94.295709
37.615364
44.819570
22.807526
7.461492
23.601728
33.779962
69.711010
63.026682
31.975224
4.400118
34.757758
98.408742
57.429088
37.306861
58.919101
89.431923
55.862063
32.455175
8.260406
97.202262
95.789633
73.194289
59.446958
78.650094
84.481881
3.108162
82.496564
33.240135
78.007326
34.135831
27.535844
15.622690
78.955401
50.343370
23.084182
2.557129
84.123332
92.795192
65.583811
16.098556
97.195310
0.341569
14.507298
54.624398
37.648430
73.426398
44.056322
93.510493
5.881574
52.316728
90.712755
1.671206
25.511017
50.159712
80.321300
9.992898
53.267875
62.817864
43.233033
31.275200
96.953695
70.768877
46.897890
75.909096
21.112247
69.982073
78.466225
5.235579
62.777264
44.050036
21.334135
59.972575
44.391606
35.841433
14.596973
82.040035
9.267831
58.653294
75.550528
15.149405
10.970022
66.263283
16.820612
36.481039
16.422995
97.141912
46.473937
69.690870
59.959776
89.706970
0.966070
56.913471
60.475848
47.863960
32.822567
81.588095
17.846033
11.288792
86.823675
80.623297
55.338828
8.157810
40.595872
99.730433
43.999242
55.192845
81.770469
53.267074
13.846139
57.320997
68.416479
24.816161
23.584280
85.237090
61.297200
40.007275
82.379002
7.771138
9.698144
42.338778
97.478108
10.664214
99.252248
57.953956
58.528174
32.074815
39.542051
76.374207
43.363607
26.365726
56.997504
98.702435
34.523535
97.593376
98.432868
78.522778
52.786221
80.203337
31.789851
66.632360
37.524333
0.206330
91.448521
61.108613
85.443420
52.745721
1.115888
67.822422
60.516859
10.814032
10.161199
57.994966
21.478246
9.413448
15.948922
80.006420
41.488263
55.490973
56.380627
84.851869
81.856699
13.378131
83.554304
16.380234
10.971507
81.987172
94.903012
63.757728
62.190508
26.692863
30.390087
99.714842
26.899192
21.838608
60.823455
12.342612
74.584329
61.939342
80.165034
35.101187
72.753374
90.326234
93.096154
94.231620
99.739681
9.045076
74.238040
41.227944
64.536049
30.618666
26.079813
46.392748
43.996797
9.634117
62.772982
54.968304
91.621288
57.675994
18.726032
53.811797
84.368856
49.116119
53.526638
11.268048
70.954727
14.350093
23.610661
45.539056
76.289435
3.775695
80.640244
49.042810
94.101928
73.736398
43.274429
93.841609
82.781474
17.512469
35.069553
47.317523
48.131135
61.149366
93.710271
92.127933
70.783483
56.483253
47.096237
62.404772
14.159247
65.822269
16.216568
98.528103
14.938388
69.743207
9.796152
85.893115
84.093300
33.406812
31.432172
60.382735
37.182507
12.072415
9.425545
31.284435
85.808813
52.699974
25.126045
68.590286
70.212443
60.195598
15.907809
18.343578
21.344964
9.618080
10.471511
92.128448
66.101334
57.567748
54.533220
80.260581
23.390017
70.749788
78.788684
38.328405
40.492995
88.584836
24.221520
24.586295
21.991648
55.653692
84.969030
59.174155
67.726107
94.394575
90.458590
53.534919
47.094549
15.584635
22.125206
17.306992
75.780233
38.033015
35.650570
97.125198
47.651095
46.122081
89.253645
13.752429
3.689829
43.786865
94.013010
27.079845
14.536653
72.801694
65.408250
55.029647
61.386529
89.629770
79.615942
83.378177
45.283461
64.584972
42.552333
13.009568
58.979547
33.010923
66.544487
6.074096
48.595558
88.669693
23.381088
24.375791
26.702708
59.031658
21.500989
74.353803
5.153739
10.754634
88.106232
8.843568
54.541499
82.119242
35.923413
69.078151
54.920935
1.331663
24.107799
16.307465
90.961433
3.723741
99.685642
36.244895
68.308713
42.237975
49.254463
27.288259
75.248898
15.798950
33.362355
23.844455
4.468643
56.743443
48.220247
31.171351
15.775101
69.721235
5.525154
20.928840
80.475869
93.631386
29.772408
35.017368
75.750628
65.695822
4.095519
30.671563
67.027485
28.203318
46.979028
57.988918
31.927059
46.664670
94.233813
0.235772
88.902645
43.488276
27.524031
64.151542
59.287226
60.886386
87.995998
63.755870
17.629829
36.216244
94.927221
33.404930
5.937479
0.452375
54.333771
86.413349
94.083761
84.106179
21.430716
69.834389
49.802000
25.526236
0.505952
16.829485
53.729554
47.484980
74.818404
85.656613
94.149650
69.052217
85.892385
83.052294
12.540493
13.416416
47.203836
71.827719
74.302803
35.199834
35.583589
91.932632
71.416078
30.510809
25.337562
77.353558
30.963184
79.671333
63.766906
25.046945
63.777512
85.197622
94.881334
13.579512
10.723858
95.387285
30.408997
64.453412
42.872265
5.227401
50.110025
37.021915
74.279618
36.002410
20.074209
86.820110
49.418827
67.278046
58.647830
23.721629
2.477880
94.231419
15.654261
73.893958
24.742228
40.991824
51.247515
55.705412
20.663157
15.014421
80.752357
84.440668
0.212044
75.633691
98.020180
10.935902
71.020976
28.429177
75.389314
13.893241
33.656578
25.499340
50.915156
7.936196
61.501750
70.989365
94.756306
10.920577
38.267410
53.404136
34.642206
40.745290
47.635554
50.296467
14.639247
72.377783
91.288291
65.886763
28.083195
11.951447
80.901184
8.835552
96.392116
81.113228
84.469243
94.412296
92.049129
55.490219
22.841473
67.438444
69.383459
56.498051
92.937783
20.298615
64.434246
54.439534
91.287979
59.190552
65.360110
29.555390
12.594688
0.002316
70.300679
60.230243
50.298783
84.939927
32.608025
41.587074
50.826689
60.691220
53.538521
31.727873
69.526772
49.930637
12.841101
53.996015
44.342932
4.890230
9.486233
67.184405
72.328674
78.869693
23.682456
65.266457
99.168308
88.116702
19.705991
90.456287
47.307255
85.066101
20.011677
59.901943
85.068417
90.312356
20.132185
35.367200
75.252282
52.740211
76.954274
26.078971
13.431431
30.492795
57.806845
82.958203
80.423432
70.647945
36.954218
24.766364
75.538175
46.440451
91.950770
47.866849
25.310144
15.633226
13.133306
24.478452
3.749928
32.839296
14.934739
51.057183
17.905397
34.946415
10.959126
2.973814
25.258771
31.091311
38.341015
0.511054
83.831522
15.295289
26.590025
97.262952
45.788084
84.396870
80.221155
26.211516
55.044815
17.175373
50.977881
30.582990
63.615824
42.928650
78.449838
88.925968
58.561876
91.583144
13.404419
62.311804
24.422441
28.339158
13.368987
42.327838
63.285574
24.328113
45.301652
88.544345
55.419424
83.642667
89.055399
39.250945
98.937955
15.645424
36.513898
44.726039
0.042294
16.735053
70.937556
55.087108
33.910425
21.915436
85.670098
97.526249
64.844087
64.119936
86.452217
23.405963
55.703081
99.856636
85.717767
80.125521
28.195794
99.086754
22.453359
91.481367
23.414867
67.755011
80.025712
78.834290
51.397678
69.081111
18.085236
50.335633
84.726535
54.599133
95.061673
84.768828
71.334186
65.999228
39.855936
5.244611
87.914665
25.526034
2.770861
52.758751
89.645971
89.223077
76.164714
45.349051
89.079713
61.882480
25.474572
17.275507
60.969234
47.927931
8.756874
84.384101
15.682943
88.782587
63.218391
67.080621
57.863697
81.303627
17.416254
42.590232
35.902760
12.477927
27.359060
7.236946
78.477155
67.214996
12.481558
66.391820
92.741031
15.252418
19.150571
82.387001
4.475496
95.315285
27.736053
93.555209
57.197765
53.210625
10.830716
18.166999
1.138556
19.587590
2.551100
16.821499
8.370177
65.769491
83.902120
66.233874
47.073118
1.318374
8.824106
82.975878
13.796301
36.183166
90.212824
92.273457
3.398163
2.694382
58.665276
96.139194
17.946801
77.815847
78.526195
22.422296
73.131132
6.262248
15.977505
30.328897
59.472873
26.808221
48.495896
60.611429
46.395811
51.046995
77.432928
54.765988
16.816486
61.335048
20.999862
63.889604
62.653422
29.823968
46.865482
76.449723
66.007135
37.078306
68.723180
69.405298
39.772688
27.388456
65.544491
57.719488
5.204303
44.070686
80.141785
78.335435
50.332934
96.119290
8.664332
9.805807
22.927511
57.160228
70.417236
69.323322
8.207223
47.850164
24.089310
25.023709
9.185212
45.089172
88.913313
71.838634
74.913140
35.778794
48.288357
40.920275
72.857100
17.011536
10.325573
12.629788
44.399992
75.870064
70.349277
49.604296
19.940750
50.491061
27.939731
70.273684
46.610351
36.604063
80.079491
69.537862
93.764291
50.496727
38.861183
1.971514
98.346891
62.950493
26.995223
7.532102
8.039665
15.908536
79.370736
82.952805
51.687330
27.659093
23.873080
24.544430
44.670629
34.198653
37.174218
89.070622
10.068717
7.523495
38.674918
30.009467
58.014556
66.614649
0.283151
4.624907
3.218712
80.362642
74.162769
96.983003
30.859369
13.023952
98.954516
29.206260
75.974445
25.949739
36.738362
84.014110
41.858275
16.109098
66.966915
93.545605
43.768191
90.839994
18.090035
88.438820
25.038647
55.264254
77.509442
35.107363
62.787748
16.184359
65.116830
20.802304
82.799008
65.399982
25.427211
86.017720
45.762624
99.589980
83.000722
76.621993
12.613932
81.955239
5.828253
88.588377
7.904978
42.566615
72.602487
49.763253
58.675713
39.569401
43.308858
2.443903
30.409396
61.398893
90.882723
55.448042
16.663147
68.392165
90.555406
79.450895
84.576524
55.672236
0.253199
67.375532
21.072218
25.680411
53.393252
66.834842
25.270391
36.393974
43.456835
37.884323
18.349213
49.285088
26.472700
26.254191
91.851703
99.075187
76.017443
50.527415
38.644588
19.326301
52.971318
69.053984
80.725194
43.854042
24.502026
97.388341
12.246206
15.057432
76.839236
96.822730
70.729668
77.092435
64.198262
91.801885
2.772846
17.591514
58.636727
28.043237
53.985488
2.093562
65.927560
72.334701
51.378650
92.400260
98.588891
43.230353
91.475447
74.606335
93.757768
30.120035
93.932636
46.729087
99.174019
74.657830
90.583128
23.676044
72.046171
2.829334
38.733476
48.885407
99.652064
9.463144
25.977843
63.850326
1.265029
28.750689
81.441840
59.901756
56.793926
35.427328
61.995319
22.721486
7.762029
13.373969
15.121746
6.350920
56.604322
6.597193
80.957254
50.362090
36.717228
74.889890
97.091177
35.891247
49.547720
87.674305
59.567291
21.593892
90.503639
98.300767
70.479299
90.155704
7.763911
96.457142
54.006030
9.028941
25.207831
35.447870
68.930697
82.001757
70.875198
30.926016
4.723243
78.637227
44.299985
19.844990
84.988146
0.904306
26.442183
65.945401
51.266396
63.159411
40.835291
48.357573
99.050658
90.383011
36.031877
58.617950
11.976903
26.535516
56.918717
82.456201
16.691220
64.682628
78.913343
70.697250
73.711569
4.121174
6.145120
42.642266
86.122930
77.020318
73.568282
90.846174
55.657544
17.868266
10.691163
40.645691
18.772572
37.133346
6.591091
70.038968
0.292758
47.426382
18.396541
99.343416
37.809393
54.428418
57.961366
49.786295
80.963935
14.880083
32.242497
97.655155
79.562711
11.155840
68.352405
53.274280
15.277013
74.497525
95.916546
1.399944
51.517843
69.484827
92.246118
7.175387
87.353094
2.937281
47.821078
6.125666
40.070627
54.412169
76.164634
40.363385
1.838550
94.561175
39.706801
39.647943
48.989594
97.668167
89.434239
29.953528
12.548249
21.676736
27.608683
92.110961
32.832575
95.961088
45.385241
48.109589
70.458613
41.301786
49.509533
21.976455
10.786614
41.755650
29.151842
98.139707
44.692931
76.972920
4.265373
84.763558
31.385088
80.430007
25.126943
33.223639
74.991183
64.833744
72.871582
23.980776
62.501911
62.305821
53.934305
75.050160
83.982556
81.542988
67.161121
16.815132
77.504076
12.546361
64.924721
47.962688
53.848147
14.434253
69.939143
64.634761
56.189904
99.090985
62.774468
0.882835
76.063905
67.039842
85.646393
7.448993
47.469849
10.773336
40.672632
22.461031
75.607080
13.544214
46.441807
38.108990
75.850034
0.376112
13.159150
59.832591
81.919100
80.320271
76.647722
59.423176
92.866632
41.572443
7.385864
46.714779
56.006696
77.325007
11.349540
12.196600
76.415992
74.124009
13.079434
52.479897
41.163850
98.725827
59.928890
88.633699
9.499163
0.601522
11.094730
85.106242
14.145735
57.536538
23.215232
89.995770
57.912650
36.374383
49.828360
39.831750
16.694653
26.476083
99.254925
9.561285
68.048525
6.640789
56.276064
24.055221
83.965796
67.625605
36.251821
60.381789
41.749614
49.331256
12.861686
82.913464
48.057083
72.790576
71.547163
57.556245
73.392098
82.641894
42.662488
87.537833
40.178432
65.877720
77.533603
98.091082
2.252103
27.361963
37.922831
18.946756
53.838045
37.177756
28.508041
21.886571
43.818546
84.784106
45.941792
27.784342
52.409711
82.193613
88.166131
94.159325
31.524869
1.027817
77.072789
79.581951
73.818393
48.619952
37.138197
47.210491
31.261846
79.800685
34.748323
71.440278
45.678405
12.281926
69.531359
47.930508
39.643889
7.454190
66.877264
93.481934
44.631947
95.385305
15.368505
88.450492
80.169411
61.310297
16.234835
32.579122
43.503910
4.400966
26.738446
75.028778
5.428783
3.811235
54.610730
79.247176
52.431187
91.748926
26.457666
83.693033
71.549611
61.205990
55.133311
17.228016
73.487915
24.664670
65.158524
13.131804
32.118860
32.035787
6.613738
76.750807
27.421093
21.982243
65.201299
7.590504
83.292539
81.436134
40.169626
26.796449
85.837100
66.908072
1.825227
91.265882
70.719307
56.435957
70.513058
23.150494
48.184883
96.970724
6.843527
19.734494
58.176713
61.976838
36.962510
31.664629
86.641508
2.121033
44.796433
18.760368
34.156821
51.410171
95.511175
61.577913
73.392413
60.712474
69.168417
56.684952
42.148608
9.338043
83.481401
27.985708
76.246115
85.306628
19.251590
46.965422
41.742585
89.764648
70.115916
89.927468
86.735372
76.959444
9.661961
44.912085
38.936282
46.624471
76.576714
25.577790
48.745504
21.373147
44.338158
82.902325
72.783318
39.849333
44.480238
46.175731
0.561808
13.648655
2.860683
42.710416
22.986698
86.342084
70.696124
99.232812
71.648712
89.947714
46.198234
13.391297
79.712362
16.314150
3.318765
66.447734
93.273594
12.980726
11.359818
32.209876
59.605197
87.936532
57.787665
8.350701
9.309679
2.125823
91.253026
82.092997
41.975157
35.733264
28.268728
42.536964
49.381919
31.129411
85.247380
72.368616
17.471496
55.943504
71.601429
89.120208
45.891218
17.799663
2.511505
25.603580
34.113813
5.830270
92.051313
27.387407
18.810996
3.411132
59.597283
78.416193
91.347664
17.384948
86.766894
0.657343
19.510772
78.019920
82.750340
61.485928
13.753183
11.019068
4.022892
63.135102
42.148479
89.270272
35.503718
59.619974
45.213776
7.105147
48.740182
91.104994
24.904810
51.251687
16.708574
59.018624
57.081957
8.759888
86.406031
75.892952
12.171019
46.003314
54.309145
3.518684
63.388262
41.076039
4.176027
82.899034
19.095958
86.926367
44.384962
32.849141
97.945434
48.407854
95.984243
40.093913
37.678126
31.487962
99.713887
82.891903
38.593109
48.454069
73.996897
63.497919
99.705756
90.705471
22.516543
56.787713
99.465359
8.922574
32.680665
11.636378
54.925888
86.989810
15.155061
18.314151
28.065849
19.331088
1.213184
47.161807
6.257455
45.598146
80.010948
4.202889
94.006000
75.995191
44.296801
31.684126
7.483153
44.010688
14.576029
46.076262
92.464757
88.572926
9.574181
92.170514
79.278397
32.090724
48.958227
78.743755
41.013299
81.638892
90.380133
95.939187
68.628703
5.535195
14.253338
96.694552
24.866283
15.466522
43.856358
31.123737
61.064668
23.867306
35.326626
55.070668
99.862498
79.623428
86.754794
7.345650
23.634116
1.330823
53.421912
16.098873
89.903749
62.996093
8.269387
69.182146
95.086817
57.227614
47.925902
36.100116
38.866507
38.306035
32.039303
7.495209
43.841230
46.292640
4.189761
68.707512
61.759162
48.046119
99.831250
22.823830
71.913425
35.157876
77.894498
71.775923
14.781304
64.649292
79.121573
38.415420
65.980116
32.543485
54.514293
55.883865
95.539578
62.783680
25.066011
90.626395
20.011295
72.991913
26.726511
58.877801
11.297948
58.765814
66.373010
55.139177
5.058454
70.562771
23.846689
66.817616
18.608890
23.677939
89.641446
90.522315
58.835815
67.535944
62.298238
73.617119
32.185237
41.419811
12.032538
98.165352
73.963296
66.546832
54.049218
69.502874
29.330512
79.115229
60.129269
49.341807
52.107142
86.855781
8.219608
63.405089
45.621594
74.592618
18.544266
50.680049
45.155389
42.390956
17.497665
63.764279
66.068895
7.139111
54.286594
24.904710
74.675055
16.584832
98.521829
6.860292
58.004643
10.554367
5.025644
31.967939
77.101199
59.074862
1.470813
6.431711
38.190090
61.600083
55.773517
90.297232
48.455863
63.993125
53.702321
94.077458
38.585743
72.246587
44.757506
83.741132
14.637543
62.255171
47.505410
80.706438
69.394282
1.792004
5.611148
44.069338
18.376837
4.132977
50.929629
76.381480
14.687344
55.955274
8.349419
91.788543
15.030135
9.820233
98.220254
53.220226
71.420316
53.993771
43.517458
19.876179
17.986896
97.219779
13.953637
56.572639
69.466366
58.711143
40.313771
84.103909
20.966314
87.819181
64.810347
90.360597
89.611186
70.421495
34.429934
7.988022
74.554471
85.359564
84.369502
89.241815
41.314837
92.718921
81.030358
56.344973
2.539154
79.250611
9.565198
73.959469
33.244383
53.082656
93.835648
51.231279
50.302435
7.789285
7.803918
19.768801
66.500428
48.117688
3.872710
87.466742
35.936869
68.683057
77.827339
25.548055
39.104552
12.257273
33.536077
13.659023
97.616837
17.905579
2.900838
38.931674
10.624500
83.931196
95.276647
13.163653
63.181807
4.841845
87.123123
96.426190
57.924501
80.958770
47.657468
8.226936
88.748055
55.461386
27.995737
55.248483
3.579074
31.868447
42.715225
39.515943
0.551504
20.542564
65.063998
39.656056
32.799838
98.600075
53.315079
30.416675
16.505654
56.215917
69.348349
27.130154
40.147112
64.624996
40.293807
3.328919
69.466842
27.416930
99.755109
27.391343
8.375700
47.412577
35.618279
97.123755
2.873963
63.614017
52.372238
6.453037
95.482464
95.087463
45.968981
96.033968
15.630027
11.032979
35.690024
48.429865
9.633054
89.005103
78.846540
26.138708
45.221019
48.194889
53.268862
85.368132
12.819885
93.562669
88.697051
82.286727
20.979599
88.452160
9.678070
29.355299
35.864737
45.296349
26.479055
38.738700
8.910366
78.851293
45.191738
4.392830
73.938756
91.160718
0.426798
89.568784
2.193697
36.116822
37.998649
11.826751
25.121925
16.845188
37.965458
70.342945
65.040078
91.234320
55.711076
77.859963
84.796989
44.408127
60.146689
5.776588
32.860287
69.824759
35.131888
68.725024
15.121108
61.610943
7.463725
24.031474
40.462235
52.655462
28.424303
14.400992
43.816180
28.851101
3.969775
46.009877
64.967924
41.968424
57.836628
90.089849
58.813612
95.802086
60.432794
23.853690
87.036406
16.143870
1.713653
71.833396
60.551997
61.860342
77.609984
93.412285
31.685101
12.741872
62.137309
46.806209
74.352814
69.601033
70.837683
14.815050
22.256495
99.261987
29.216041
66.072676
28.113088
33.185816
12.082553
93.081012
75.154240
69.919180
83.170861
33.967853
65.721266
43.603655
57.821543
52.757672
59.747525
59.535195
24.591068
20.299522
21.395537
2.201052
13.711806
53.080638
14.942924
75.849115
99.886848
89.295738
45.450148
70.724531
4.110788
67.706644
69.986517
33.326829
33.779320
98.099605
66.512646
45.861872
91.180617
41.666886
15.781052
74.351477
75.634739
81.502318
17.955132
33.456281
34.259990
77.702657
92.991476
58.851058
98.002179
14.387013
61.052110
11.713985
67.467652
75.995034
87.563100
67.354499
65.290772
33.013249
38.079030
69.401560
0.719893
8.065547
2.728389
34.499212
6.165152
69.241035
80.361084
97.345769
10.907920
96.142136
71.697247
86.542659
77.644455
89.652378
19.998940
11.904445
67.355035
12.990417
70.755503
65.357213
27.377430
31.807613
77.071198
94.845082
7.802647
64.634299
62.199581
73.093419
97.647547
0.278611
42.494978
98.367440
8.344159
45.223367
32.866652
14.509311
14.464402
13.227736
11.855080
25.372322
9.369872
83.552327
11.914981
87.014327
73.204705
31.913922
98.918772
40.559740
44.904338
69.674275
5.916954
72.281769
1.481889
82.988152
67.126851
9.284536
47.622451
29.326432
82.377955
45.269998
29.605043
24.872933
43.637438
37.949202
70.096300
76.504089
52.458513
84.560702
89.731825
64.313594
9.933024
99.101697
47.865921
21.848006
86.116024
21.070626
53.761928
85.034796
61.630367
98.666266
54.709072
67.547321
70.948035
56.190961
50.535473
38.074885
65.475497
98.157924
67.401317
47.853451
43.427922
97.006360
72.726384
87.065359
34.955562
42.822685
63.569448
87.414076
27.383387
53.301274
51.727670
37.316412
52.402971
99.593591
59.164417
38.518995
20.664217
12.926345
23.553792
82.294584
11.592611
78.262864
49.841904
82.540646
34.453824
0.377377
20.615531
99.929321
98.535301
88.016848
47.782772
41.963222
85.023208
20.509157
29.028582
19.978771
63.331842
92.598030
7.392847
90.715229
45.899304
59.120516
28.031640
98.302275
58.714107
87.196058
36.821270
79.378324
0.122403
60.375062
61.672907
11.715014
38.637926
11.514811
94.255660
73.091750
11.892188
14.871191
73.021071
10.427489
2.888039
20.803844
52.390712
87.911247
41.313000
81.419293
7.890018
4.644842
74.017323
15.282865
95.360071
19.916627
74.403381
23.391711
18.218902
33.117487
10.587769
55.040172
12.495811
10.710172
15.415234
74.168718
22.425185
54.053160
85.683529
16.680845
27.144910
97.575718
31.552036
0.165982
8.003207
34.440075
20.969825
60.393919
22.351323
62.282826
41.813212
30.241341
66.927668
15.830535
45.524206
62.287738
35.747162
19.927586
85.679449
53.966064
53.045074
96.267218
9.006236
65.540885
6.977389
24.421470
39.709603
29.402575
78.474630
25.393132
46.083420
5.619540
22.968850
77.635457
5.785522
30.972057
12.075532
26.755348
91.365976
34.426855
89.038174
33.179188
64.668196
55.965841
49.009723
10.192401
18.253580
84.756886
30.119987
3.933029
38.722950
83.165061
0.200247
47.729186
48.705946
7.177636
72.150656
88.415549
36.580211
50.625286
13.808681
82.663632
56.244826
36.777531
60.299088
62.030348
67.749588
72.374620
88.785696
59.115565
6.801475
77.823870
92.294753
71.469670
33.789711
41.304476
81.662071
52.043290
26.061362
11.782059
55.976319
64.784312
94.947120
56.176566
12.513497
43.653066
63.354202
84.664153
32.068615
99.934414
35.289438
45.877296
82.598045
91.534264
82.654827
42.897133
53.564613
50.404416
15.271753
42.350309
9.519980
22.073228
20.174178
1.814733
93.542898
53.963889
43.119209
75.204970
6.007179
69.180571
86.987029
61.983498
33.964882
81.934149
18.160064
46.478379
25.587215
81.514266
31.142532
57.655830
81.448680
66.431970
3.533126
64.046725
57.966235
86.187953
6.943858
11.530847
36.592369
22.215611
53.881156
46.112349
44.288840
74.055334
47.927082
37.831738
28.019222
91.046291
13.036708
34.026401
60.226861
0.023736
96.009899
94.191743
81.957885
14.169963
40.670123
7.545100
95.684229
71.812655
65.200930
77.132909
38.244625
68.734055
41.179633
96.210859
54.922008
48.123491
7.741707
91.514377
70.339103
61.622862
37.626726
14.627942
35.678196
85.553808
52.459680
63.697419
76.600098
65.496388
97.723820
36.826959
65.520124
93.733720
31.018702
47.478009
7.903683
71.688825
55.023109
3.587912
43.501479
20.224039
80.720821
81.746104
88.958094
21.900454
77.956964
43.880102
70.023945
85.698670
35.394480
40.363048
47.321533
73.021206
54.990990
82.999729
58.575013
7.450670
46.697148
35.175111
72.947058
44.420968
72.002071
38.467182
38.154688
3.020773
85.945192
46.058371
74.709598
40.968300
49.646283
18.211077
61.192339
30.367104
99.957182
50.150433
52.267558
77.914146
94.030535
22.291503
63.612816
29.425015
62.654551
10.934349
2.446220
17.645541
93.934078
61.021234
25.096212
40.631226
96.196345
98.043270
85.052195
68.198415
36.510452
23.206882
71.219188
22.455644
69.265253
45.928786
63.423944
18.911536
64.139864
24.616283
49.278640
64.097046
74.766716
1.546198
42.011191
68.797251
23.837701
5.624007
98.222266
86.492252
16.558356
0.668486
4.137794
10.492434
61.689720
29.234005
51.123660
57.886065
27.277275
36.175855
26.084480
63.787727
59.382737
97.303669
86.243371
28.647990
43.232455
49.667315
47.559526
7.372319
74.283598
96.838166
71.469364
49.050314
98.384364
13.480556
17.847565
22.222065
19.104563
16.069831
8.714317
35.662919
16.738317
12.852111
46.155353
78.428037
42.086116
97.279013
36.314102
69.363392
33.454868
62.398582
33.151119
92.837606
59.702251
19.394489
21.485596
2.934705
69.061804
69.045123
10.307024
43.345402
65.883289
81.776389
92.395715
64.267653
95.256944
10.243280
86.489718
14.361507
26.313111
95.204035
50.024426
43.051428
8.056146
96.179779
21.479465
50.142262
93.458792
57.793567
19.505654
26.913660
20.192149
52.656772
19.751266
79.894400
72.051262
41.236862
82.829105
41.113066
10.281985
93.136129
84.458468
76.165274
74.912518
76.854183
40.432926
70.169462
87.097463
26.922644
84.530969
13.410574
22.126679
34.555395
56.462002
30.182824
30.735173
77.941467
80.325086
24.193966
35.735034
99.830740
51.107626
55.927183
52.487512
70.858892
35.821583
24.538774
12.095754
18.650688
65.651840
22.377739
11.786817
50.110308
98.543013
86.699335
26.964490
38.975939
56.868797
14.061953
65.898583
41.399766
27.472527
88.025261
75.955161
83.934529
18.208086
6.690334
61.875997
98.533172
30.884299
97.611031
98.363912
81.991926
53.538214
50.851424
52.850818
89.359797
75.390198
64.946572
8.010485
41.042038
87.324311
19.797302
91.152346
85.867324
6.496637
18.116836
24.843263
63.365434
32.178790
90.741845
4.765199
59.651317
78.767107
80.720360
43.585847
96.975192
87.410694
5.461843
95.508364
18.294993
3.072874
93.872276
0.286919
56.611089
44.723700
53.137736
45.970886
20.113899
18.084308
53.981371
61.155937
5.408619
73.778673
52.308283
91.275943
80.275310
70.425120
16.119206
43.640743
2.603909
6.861051
48.405943
62.255227
85.628158
29.126303
5.841073
82.603350
16.536996
11.302917
78.111714
34.831990
14.375791
71.983991
35.118908
70.986880
16.707691
88.256645
16.957766
36.821590
6.340953
70.939137
97.977527
11.749572
44.717810
50.285810
3.025516
24.993120
20.710930
19.144721
68.633864
23.314839
26.005773
17.039806
85.570066
11.633931
46.166109
91.411139
94.237281
62.703105
2.714056
72.348996
97.535095
17.089847
44.332986
32.654004
88.076727
61.040677
20.910648
5.034493
97.862267
27.251601
75.973630
95.839794
39.001174
20.691440
46.125604
42.026689
45.684560
66.836534
61.171411
14.318424
90.151373
87.177184
31.358230
75.721438
98.811114
77.524339
67.132578
93.048396
40.227445
69.846633
65.397391
37.762540
86.936480
9.730377
70.416543
75.013207
70.771054
91.327192
80.047700
68.633321
18.578793
56.021330
64.473115
57.579967
76.712770
10.598719
99.606656
22.397330
77.435253
60.778067
36.715754
67.586625
47.955251
68.073984
43.308064
46.766365
45.598323
10.440641
39.814761
85.825768
80.287275
5.212152
23.588308
67.223755
14.942529
94.004851
42.236962
85.713584
85.332042
22.284662
54.346905
3.910835
78.305992
18.820020
61.490802
55.018762
29.418739
61.097459
77.416093
6.853992
21.875526
14.131847
74.440617
69.830777
82.205831
17.748681
16.597142
27.804155
28.189322
56.411903
13.629923
8.476597
61.624055
37.218230
75.700352
76.566584
31.223081
17.937314
62.280168
16.555123
40.221976
16.627073
20.465959
18.527968
35.447093
81.956761
73.546730
64.865832
43.054219
50.962823
71.719824
64.929745
65.094670
46.160440
34.760522
47.300501
63.909121
51.357664
75.104656
92.098443
7.769567
88.734578
0.575040
69.393622
25.952809
76.275392
45.960206
57.175890
94.212705
8.240375
73.731013
34.434681
24.867448
94.196972
52.962648
60.314541
76.153733
26.509378
25.180373
19.207952
77.472201
96.900196
84.137698
42.566871
43.060636
18.898219
89.867372
6.969758
70.255883
64.972028
99.068201
78.025450
53.706606
99.643241
47.419072
79.659415
75.918633
93.379279
36.835304
70.131338
1.619653
10.566317
4.566018
26.487101
4.763289
57.528667
86.801642
80.917022
84.038045
11.982014
0.124974
61.510246
8.882210
84.262672
4.077117
51.942847
3.160891
93.944488
58.912604
73.416774
58.916516
57.980805
51.442225
12.623122
57.624046
98.861297
92.282536
33.542679
92.240576
29.117841
3.674016
93.860229
39.684158
8.240035
20.347330
44.447447
65.768701
7.148972
25.364469
49.806746
19.130986
25.489443
11.316992
28.013196
9.752115
15.394109
79.956043
12.913006
9.338597
38.868647
86.329780
68.255113
96.849452
37.772005
80.878235
54.473498
36.633302
73.160772
88.016177
28.873878
2.278612
91.690193
22.734107
41.962770
99.930228
43.081438
86.410218
65.698929
50.230409
11.774687
15.505676
69.361395
37.264130
26.822668
97.374591
47.016245
42.216777
77.330634
59.929251
51.555375
16.199281
46.259032
19.810488
13.048733
84.031037
0.688723
67.522231
20.664339
73.849494
55.538408
49.538217
76.128107
47.228601
72.272325
18.090877
47.158829
15.353762
4.501094
12.857758
65.584172
16.275781
28.363434
34.945567
53.539911
55.186102
32.320158
0.556156
97.402879
9.650792
60.485408
48.958254
25.850073
6.744439
68.768741
38.898806
90.775476
69.457464
6.421037
11.439815
43.306959
61.959445
60.978032
19.435065
9.188046
33.250357
37.525942
56.346875
48.604119
42.027037
69.204633
14.188291
58.302818
97.568067
49.133858
11.842729
52.754169
81.454016
12.398886
50.157048
91.104808
72.884293
99.115302
16.954881
79.628732
67.884043
55.853686
70.404208
37.341508
62.274723
81.844023
80.648466
24.234167
42.822055
0.083532
33.422213
76.072412
37.609474
89.769088
24.676531
79.636511
58.973721
38.864822
37.939329
56.541788
87.998679
49.782059
9.295958
69.452695
62.180945
59.453006
60.557504
35.065238
58.568308
77.512384
14.693970
26.452351
33.366071
85.098178
63.793859
95.640794
66.942201
44.442325
19.874961
9.764256
44.525857
53.297174
85.836668
82.135331
43.066262
10.513198
61.771842
2.039983
49.378020
99.711172
58.581772
37.376699
49.493230
67.877729
6.829394
11.674175
27.330735
67.386898
46.739413
85.899043
44.899282
61.433383
12.351394
78.265353
46.531561
76.145253
73.906147
13.473762
20.587578
93.781108
23.238018
65.113435
47.078282
9.074686
47.248766
90.144544
19.587884
9.020609
92.184527
68.965904
8.731780
50.766299
6.342603
58.225011
18.644028
13.171997
69.899186
45.974763
80.558895
16.638598
31.873805
25.458178
78.071981
44.225199
3.723531
24.603543
20.370452
77.629678
38.077305
40.958030
71.410785
61.315323
6.071465
18.489067
70.390009
53.320231
8.633611
89.977893
62.340840
0.818138
58.943796
71.072620
51.584437
65.286399
29.297631
70.228464
78.458396
99.196816
16.203227
59.017291
15.835415
48.077033
84.475469
93.907396
92.302232
88.199000
18.510939
12.672684
65.828677
56.588243
53.630714
37.239463
17.903567
59.702179
55.728530
88.293576
13.022410
64.362141
78.271468
75.363249
65.180279
37.215264
46.435869
16.764716
2.501663
75.733500
86.993180
80.960059
74.930317
3.196407
39.977350
90.765731
51.273440
24.452819
84.673128
43.575672
12.651818
3.184066
56.248356
78.480495
59.772310
9.879070
15.719958
77.675876
69.581248
71.448488
65.969452
82.603658
35.810629
44.240920
57.966907
0.990908
81.456184
4.402776
17.755623
83.957848
80.136276
4.748804
64.917907
55.066593
7.945211
4.895257
45.832324
59.218651
29.348076
30.505452
2.794322
41.999894
33.689518
59.042678
20.480390
93.461828
68.921748
36.200348
71.137704
38.502996
7.648835
37.107156
21.106654
43.459464
81.348076
79.073561
44.450371
62.804260
83.476337
62.205995
46.762108
63.612613
66.954798
11.680014
18.679207
74.900009
16.575272
64.511531
34.118660
45.923347
95.016983
36.912982
87.923242
28.706501
95.955660
8.403631
22.168329
64.877408
44.603979
93.306032
3.380404
52.252814
30.413188
24.487058
95.712278
11.761263
3.560618
40.162649
74.565523
87.036955
2.368644
21.327631
50.649569
69.323442
33.007646
69.328775
44.223451
49.582917
33.840306
78.342111
95.506264
28.857289
15.255093
83.429506
57.563790
11.210754
91.833137
79.732119
76.088162
36.437116
73.038151
79.468566
88.689930
3.451339
3.955623
84.402207
15.212603
7.516242
24.564856
89.778126
94.553197
26.933500
11.105757
45.202766
96.256942
44.113403
14.531541
40.480393
93.696320
48.371847
18.822505
89.202584
77.229136
34.077598
72.632090
34.792927
45.288352
64.465227
14.525045
21.376513
0.902342
87.563196
0.845079
89.592272
91.014536
4.800703
73.994479
6.227138
12.316944
98.559335
96.005264
6.870141
25.492835
7.111021
52.072907
21.749777
51.224424
66.604448
62.230171
44.920743
14.976295
81.052675
34.123327
92.205431
15.130273
6.755417
26.998358
60.418625
71.220644
41.523403
81.795138
72.122986
29.086600
82.640217
61.715258
20.101135
87.440920
35.709737
26.328273
99.757864
34.269072
22.333537
6.628005
59.761907
29.444559
58.700912
81.511685
80.668982
25.305360
43.741855
25.589725
40.281655
24.794531
59.713052
32.487086
39.924804
66.468469
59.485444
0.343429
37.689113
1.008847
82.138567
9.812098
30.095447
64.778784
71.527356
50.196582
52.219704
7.237093
76.524855
51.977568
41.506165
98.858393
58.605574
1.268072
28.302951
17.306486
82.779757
8.971933
42.611846
26.521612
34.561659
82.893501
51.316143
94.274711
15.380587
91.240947
60.743180
74.866031
91.584375
98.432292
75.874879
73.722942
8.244391
5.970325
38.501726
79.771747
56.166908
90.721430
87.008840
32.691763
42.698999
28.515005
31.550156
1.304572
29.783077
59.853107
18.611058
12.562834
68.825040
61.222904
39.084446
3.386699
44.116405
90.400589
97.661410
59.496992
81.641536
58.404589
34.363023
73.225911
56.836882
10.237902
46.948853
65.081272
16.208227
85.450579
44.853019
72.375135
76.172009
31.861859
5.066898
18.871008
60.376864
36.617054
20.175580
90.159941
96.470161
38.786639
2.722775
65.295201
0.009543
41.807222
68.681900
44.125948
32.207811
66.343310
3.622940
13.849346
24.747899
37.985963
87.075257
81.584780
48.223865
34.024110
46.666052
64.432092
19.474689
91.519072
36.807227
95.646698
23.380930
41.874125
14.517706
83.757795
78.491178
34.693286
73.917736
74.961339
73.479925
76.640511
40.256540
73.489468
18.447733
8.938439
17.615415
50.655544
75.281749
21.238355
64.504890
0.029648
59.224318
51.580147
81.614428
7.448183
85.604257
28.280481
71.880275
5.078946
19.799552
8.687501
0.725644
43.180483
50.561626
15.243350
26.938277
29.052804
49.936636
0.856013
4.014142
23.416561
77.496524
44.270682
96.906029
95.944257
53.209121
14.521445
46.599801
28.490870
35.759800
11.104691
28.520518
94.984118
62.684837
10.134946
2.432300
48.289094
38.415427
74.312575
53.368040
58.214979
83.000076
54.093684
1.395462
33.561702
69.337034
28.333739
62.614506
19.273671
29.189752
66.628648
42.690232
6.686276
10.899330
39.596261
2.630533
64.108452
54.117706
49.230334
92.599322
89.877506
60.335024
21.119840
84.861623
23.019862
31.254786
87.293924
71.308956
69.670213
61.606499
24.676996
27.885192
44.606575
78.770680
29.280654
78.168277
48.107715
57.614393
40.782783
67.381385
86.804145
7.411431
10.071617
93.490421
18.310761
49.667878
96.120954
82.419213
3.785584
45.351288
75.018535
93.663090
5.686312
96.138375
78.524713
28.706174
27.393161
65.818637
0.015131
97.063374
27.425135
24.692127
24.948566
72.031710
3.462807
54.229220
50.199987
51.570522
11.843613
90.982770
18.951907
98.647758
98.394201
29.023524
92.138178
16.704963
78.691403
88.259132
99.124176
82.476987
33.610420
74.142710
76.140077
39.296733
70.281085
54.664790
68.002907
97.674246
20.483426
68.018038
94.737620
47.908562
92.710165
19.686187
19.940272
96.172972
73.915407
70.140259
47.743494
85.759020
61.123029
66.695401
84.406778
59.517231
95.718925
76.544956
76.222194
74.410328
64.804088
75.346369
56.887315
98.414509
49.489080
33.027391
37.711241
19.770165
87.692181
5.714148
17.444411
8.175607
73.732186
12.182031
56.084169
66.442350
31.868218
76.024441
62.615322
5.783625
46.164700
10.358816
91.542645
7.287730
77.054217
75.949422
66.804960
72.773143
52.494378
43.027154
47.183470
17.298467
18.373523
4.070785
15.712975
67.862603
37.098177
53.424216
87.632767
24.790357
59.138364
5.077178
32.965965
32.870550
17.259210
89.050134
99.312900
49.127428
65.074575
61.928222
54.911053
11.239275
72.287038
46.453697
18.527004
49.341255
22.403120
85.331965
22.114398
74.897498
28.359119
69.297868
92.195965
46.732642
73.368654
7.908940
14.595245
10.466830
61.333156
2.228012
35.257188
20.471521
7.305190
68.223152
53.342071
24.564400
57.273286
52.654971
73.691827
22.347860
14.583193
28.602880
33.587135
86.870231
75.056577
52.114140
36.211487
97.459697
37.446104
58.325885
72.357195
65.805223
27.623753
64.553160
12.537865
0.992406
72.462100
27.133110
11.459237
33.795257
29.361122
46.716424
54.266777
36.666312
14.939576
7.608848
61.230711
72.212862
60.263819
34.922538
94.560722
74.847012
63.525418
28.147857
61.717243
38.581995
80.261997
97.928730
36.041692
17.708101
56.254615
8.398887
83.513325
83.878367
72.952047
96.051190
84.870774
45.414148
23.184300
96.330010
79.209404
52.545421
43.046434
33.476181
89.211733
57.986011
41.085029
50.442444
30.198873
1.348848
85.364982
24.759595
76.195860
48.890400
52.907452
37.913103
87.472394
33.169449
35.841833
23.514086
50.877550
92.096448
31.912973
34.390875
75.974815
4.865021
30.442065
60.845589
50.279168
53.626364
57.175599
29.488572
6.171786
0.222034
62.964754
95.383518
58.208045
4.049783
45.825962
88.406917
5.398631
31.190944
13.166512
81.594490
80.081344
66.073965
19.507594
67.553738
99.243414
55.349427
91.067824
50.120964
47.445874
22.980798
84.511839
23.420689
27.845818
14.953904
84.266278
78.124987
68.580268
41.441877
7.613559
74.752054
41.663911
70.578312
70.135572
99.871956
74.628095
15.961535
88.278873
80.026726
47.152479
1.445385
61.621216
27.233822
67.519350
81.128810
94.787561
66.762763
36.478236
85.855385
16.883727
83.924110
8.836183
1.395566
7.344800
36.682001
16.349470
91.611078
14.806987
84.929739
33.052955
22.420546
59.681793
74.716867
92.998858
29.817365
74.588822
67.626953
45.778900
62.867695
47.653679
92.931378
64.313080
9.274895
20.165201
31.832430
90.403704
14.952761
98.595193
26.881940
0.808146
15.478921
10.806051
9.644329
16.874487
18.150850
46.326329
33.223957
9.761928
61.133317
18.153696
42.814884
83.553863
77.835489
17.531750
76.552721
7.652854
92.120572
44.179675
53.431753
54.988268
91.833353
46.363132
19.301348
1.108248
66.528332
51.133778
91.511952
81.481093
49.728971
18.393893
82.289239
65.207892
29.199943
91.933568
82.082379
47.350794
38.259897
15.306336
57.112722
99.393214
33.460032
99.927606
82.947077
11.295520
17.459356
59.499799
18.948374
9.579928
3.679473
72.380127
64.568196
95.512826
18.743259
83.869544
96.621074
85.271591
35.003321
88.133027
66.752685
84.732293
6.526919
49.041924
49.940185
35.726863
40.975492
32.022563
83.077657
79.235390
47.328899
40.190379
78.628604
80.788931
40.117984
61.575681
92.084451
57.577340
21.075480
11.032825
67.157268
24.754953
83.412953
31.725464
20.267779
2.156212
15.595007
16.888853
87.427803
50.598329
5.021880
54.180488
35.330621
11.548800
3.222412
85.270806
47.275662
44.197904
17.293370
30.353319
23.433294
64.622269
70.543698
2.061898
45.411200
10.661683
63.637579
37.495652
68.239023
84.713058
48.528477
35.396291
9.468011
31.941430
67.121755
29.735790
34.097641
82.716762
46.624643
21.525444
33.315090
51.646524
75.705932
68.645712
63.195323
78.928343
53.916518
10.470986
23.126247
71.209887
40.824305
46.559541
35.832156
11.368003
48.621438
81.243356
22.029685
12.259017
18.739008
90.268708
96.972076
67.267485
25.664999
6.440086
99.208914
92.786754
36.175877
33.306556
75.503515
82.800520
54.832000
8.818605
34.447043
30.537931
77.464317
97.642367
9.466275
31.380835
8.113352
32.592522
2.590722
48.937657
79.152063
38.422878
60.305660
27.773501
19.666235
82.335346
40.032519
38.405243
72.604054
37.004594
5.672727
98.269053
43.444681
4.881642
91.055806
79.620557
38.188197
66.559321
62.421077
93.020197
75.377927
96.868120
23.558128
52.842244
94.510487
33.024403
84.223079
2.623839
65.616925
86.813801
51.561496
44.768988
25.236679
11.867156
72.542490
44.902914
94.202502
12.575008
83.308157
66.806556
49.579602
88.980884
65.075608
93.024283
93.862526
56.131415
72.644840
32.050723
22.690736
35.065917
25.070921
98.068663
31.934037
48.629049
50.910907
26.444524
81.653452
35.133985
29.068363
47.270378
21.947786
80.629860
92.039366
47.184466
92.497016
64.581856
92.087380
86.699518
77.156864
75.395537
53.506074
26.736466
64.376421
18.581682
19.760749
58.238947
74.713097
92.405589
90.289670
97.403833
27.471506
15.360591
95.472495
59.405543
63.989640
46.383402
85.850067
45.643092
81.517387
14.918431
92.913470
3.465174
95.548291
84.952836
50.649639
88.045307
49.534692
42.737019
74.744825
26.691556
18.132556
28.250899
53.428022
82.508976
46.832581
73.188771
40.747923
21.545678
65.594361
31.037593
18.949510
93.065866
46.398184
14.422006
52.471409
10.387824
60.805408
38.321477
56.030916
42.322795
53.239907
48.944386
45.787969
48.788198
33.897222
96.437608
36.833505
83.431914
39.174627
11.578329
10.123469
57.307183
39.829228
63.551491
39.816159
86.661809
36.740263
80.564082
8.207487
2.334623
11.601676
27.156997
95.400490
57.999860
41.579003
47.871899
68.387684
2.384410
86.193376
24.418600
44.707205
39.433283
73.362986
90.495174
88.221481
7.260208
86.932782
25.054985
90.692121
26.107409
36.633315
0.815590
83.414592
76.462543
64.367082
23.230751
63.124352
1.107345
3.794834
71.331839
3.441968
15.396509
98.488836
98.842458
73.396369
40.067839
46.714357
41.784052
42.452250
32.907733
66.202652
87.159455
72.341016
39.565638
77.654629
60.562497
46.825845
64.587411
85.617482
37.517966
90.694820
22.250797
38.333557
74.109412
98.713340
2.700639
97.340163
61.837693
3.807983
1.134997
33.169532
7.249952
16.531506
31.658368
6.092409
89.927875
71.726207
52.806767
31.711927
14.178457
85.714500
97.914579
1.337912
58.055516
37.480217
78.992541
18.618012
84.306062
43.579951
4.235495
21.824028
34.274771
26.486292
60.157585
8.384183
25.199632
62.858224
5.724346
87.037325
66.666207
6.859343
20.206857
73.916158
23.390849
51.865225
80.008568
13.318724
23.591432
32.815334
45.030651
37.769889
18.529834
42.945230
39.107801
76.585350
80.425447
18.100341
95.203362
64.731509
61.680293
99.438857
86.555537
95.955064
25.925148
46.713122
4.339248
51.124781
9.571346
10.063594
38.162105
76.237553
16.922937
58.368962
50.153711
40.313786
10.234187
30.162279
53.632509
33.825619
62.977613
98.663160
71.595508
81.507447
41.608390
10.703308
58.092797
22.033837
28.803650
53.296159
86.765346
90.483943
52.735015
73.320883
86.439007
78.660164
20.034005
90.778254
29.784944
29.605350
0.841848
67.947050
5.842903
17.764785
26.316011
55.996614
58.078571
36.550198
86.158893
11.711080
70.375817
49.136506
10.374240
41.971325
30.643954
51.982630
52.674633
88.736751
74.016467
81.478283
42.032910
60.781812
71.962226
94.767925
34.102695
58.401232
73.428089
54.136700
49.179487
3.213034
83.742050
50.021335
71.160083
89.584953
67.786120
97.476095
45.581567
25.864691
34.026293
31.740460
37.575771
4.402110
80.876967
47.950012
46.373434
11.520921
99.932642
99.048067
0.257672
73.949109
80.526350
42.290582
34.730921
52.488576
37.058507
68.833616
10.889808
10.486596
22.970316
60.069295
13.699630
6.712366
10.090630
84.859713
96.297319
77.876750
82.335808
41.878887
3.741441
16.362100
73.619347
41.317212
20.764210
54.496314
89.267224
67.137644
66.017234
89.199865
66.185712
66.274906
63.148974
46.712062
8.565488
97.879895
99.200638
45.623995
66.713511
10.090446
56.110591
89.683827
70.159741
69.810220
96.396193
80.250371
54.669933
92.693513
58.127121
37.005741
34.572399
61.868561
53.367841
8.191746
3.185773
74.132051
62.688060
92.452997
41.269696
28.705294
81.652862
7.455408
94.980200
44.801836
54.167470
3.545688
42.681731
53.368108
49.169683
9.395242
63.458554
5.280273
99.079069
33.618295
75.090494
95.475262
13.868665
29.760427
88.168774
71.995786
66.766168
22.741173
33.864347
20.134009
30.932920
37.050121
94.266061
93.620980
29.503118
35.535756
22.326274
11.155980
42.991164
17.306474
55.957816
97.158634
20.852162
98.639547
50.526741
70.021845
8.034789
13.985295
75.302118
7.113858
47.603589
50.392612
2.589120
61.472255
80.153039
90.757894
33.468041
46.919207
13.499068
67.332388
67.053216
44.431987
4.382508
61.319277
38.052967
33.885626
96.855033
60.379241
45.041606
39.846197
77.685715
0.999423
37.004831
98.537878
99.638970
87.531572
68.559723
7.673759
1.516867
43.861841
14.787617
49.120456
94.254453
17.376737
10.592711
74.407492
8.134631
44.060751
21.326699
21.633699
11.393139
88.379916
66.065686
15.775648
49.699193
4.118653
49.661274
46.554226
64.497894
94.702880
86.400423
42.183610
95.702303
23.405254
40.721487
95.341272
10.936826
9.281210
3.015031
12.453693
53.143052
17.802648
61.574149
47.397505
35.179385
72.166860
21.804997
43.314016
16.227611
43.131697
64.947715
27.620750
31.511612
31.013401
43.396398
81.210805
35.132054
93.057671
27.765031
99.629949
87.760552
14.165454
41.813558
83.462854
37.570708
82.535046
78.804127
48.507534
91.816256
81.819158
60.961226
44.959307
99.621806
22.535375
92.356812
34.801192
94.702235
14.161810
78.115208
10.929845
57.293506
43.062923
38.550596
88.805118
74.076324
81.946993
70.015923
9.208379
75.004665
97.780954
8.838327
62.765216
11.946408
50.651885
46.228070
49.517116
33.186931
25.032197
98.024650
25.003187
6.851355
58.985876
69.962494
6.473161
81.521251
62.319307
41.274353
76.223486
76.481116
19.389561
87.153331
33.774623
62.452484
25.703927
22.579741
36.528808
7.650920
92.595664
45.737187
82.655585
90.376619
54.575514
45.420801
2.323027
5.227399
91.648871
51.840143
38.414331
16.681068
49.864793
63.417517
23.532423
8.850669
33.380012
30.005584
90.371920
95.699319
71.279937
66.595406
72.180435
90.669498
53.748737
5.955058
53.121982
79.452664
28.534799
89.650790
87.103584
21.130463
35.387976
69.759169
11.507082
89.963490
15.179970
13.830108
95.190890
6.828841
65.670251
33.605220
23.509909
15.535044
97.022738
47.042332
24.385713
30.402750
77.047917
14.757633
26.102068
48.327854
81.353039
98.282503
38.997352
35.101776
4.237561
92.119334
14.554441
32.772360
81.770123
1.658025
53.902823
17.158100
71.417194
65.409905
7.121590
86.597164
79.240014
2.312480
93.426005
44.910265
35.917700
16.935914
60.445309
32.940438
63.978246
84.831022
63.343187
41.026163
99.588654
89.445256
89.354017
80.941693
87.727759
28.351369
16.043470
91.965320
20.470702
30.597910
24.737680
2.240826
32.255936
78.640504
19.398926
3.673130
44.050409
26.520516
90.270294
23.290422
28.832995
83.696299
68.200687
64.750695
0.632213
28.645996
97.691133
64.610459
13.477018
61.034320
5.636622
13.065672
50.479576
94.990638
94.007365
38.207335
23.342007
10.050835
30.172655
43.812709
40.648745
54.910335
46.053535
72.904681
33.550839
65.452461
76.577811
77.601247
91.972977
66.848104
0.891670
20.805972
50.544403
69.092357
85.556668
51.176616
97.738353
83.247801
15.787074
11.215371
44.282121
21.423696
24.281043
94.761696
16.414335
18.288408
32.969031
39.756342
28.339243
63.141686
83.569051
68.987989
18.052021
29.622586
41.892670
51.602859
95.075047
18.470481
29.204106
87.048024
85.318585
30.095776
7.853996
35.862988
99.188133
93.410663
87.039604
96.926487
76.658464
2.826678
8.141858
20.940585
24.250374
32.422901
15.702281
40.664709
50.711309
48.671312
80.421050
79.050553
11.812998
63.990101
48.038542
29.865018
93.612687
89.931212
81.467877
88.687734
8.401692
10.671984
75.735758
93.720277
40.767760
83.589754
29.583265
39.955893
77.000418
16.622869
36.882380
53.658881
19.449547
45.024238
74.599466
43.699921
77.447139
90.301747
84.364630
28.158448
38.973059
64.785680
7.209001
50.786057
28.775781
55.247542
80.651075
22.388468
45.178754
62.118952
11.076203
53.580446
72.790936
86.811961
47.300724
13.558696
70.401715
76.883989
53.514589
47.402133
93.506858
90.396969
1.061014
12.956404
35.421207
75.660480
56.656325
12.868346
65.962227
41.020955
41.026794
4.935286
5.806635
48.235795
55.721343
34.582416
3.483337
36.372418
56.970884
48.662091
98.491370
68.047087
2.242538
71.282306
54.859048
49.543261
84.841002
25.260764
26.427250
38.355591
72.662896
19.934108
28.752560
73.723910
32.890512
64.173768
49.384391
89.546837
77.042114
15.346618
30.567792
18.068908
20.281904
36.374427
66.304703
76.003248
70.956843
69.788040
12.375666
27.927728
18.450131
10.867036
95.974815
20.692669
82.149342
50.833863
70.235930
66.990343
76.094627
96.663180
5.345934
48.757523
16.597287
34.098495
22.481434
49.487800
98.272262
71.865825
39.034637
75.314376
87.212443
69.602429
93.383284
7.494347
5.976857
59.687986
83.497595
76.933700
29.476026
95.873260
4.861428
47.926157
6.740296
0.836243
68.618826
88.889637
51.670106
38.854755
55.879981
27.764733
35.517935
61.225915
76.522257
52.115223
95.324410
99.003690
1.603022
93.596672
70.869515
40.637659
68.911048
58.081957
10.240089
62.294331
65.576304
16.216946
21.982317
49.073899
93.150646
51.458344
44.947159
98.012074
99.384501
51.687455
98.848316
68.003326
40.577093
50.518423
6.858082
96.457073
78.283156
42.376017
57.682988
54.805413
94.491240
53.007398
53.809103
96.094262
46.604069
24.678618
36.731921
15.515117
82.760576
46.972010
77.809448
48.336880
63.188955
99.791765
97.410779
56.339601
51.250109
42.357938
54.351675
50.634610
94.045393
53.199991
18.637936
34.622486
3.718414
25.496018
31.079559
82.001570
67.872035
88.762547
36.806982
62.363274
41.769945
90.616086
58.457536
88.374014
15.294704
95.189457
3.889131
98.055279
42.161467
81.698579
46.392159
5.350422
81.490344
43.802938
61.690023
32.740453
86.160877
16.041698
83.375063
80.206270
69.241688
2.012999
14.828756
72.960102
27.509017
45.908315
54.961672
95.381052
34.670862
91.768654
57.744326
76.440807
82.384740
16.201862
64.814821
97.679443
11.391319
68.703952
95.734722
53.552786
50.402531
42.126881
58.903208
31.892875
85.929820
20.593231
64.633329
72.090696
36.634929
48.008392
52.296966
5.876617
50.021391
67.125722
78.836719
77.530408
13.034037
33.798391
72.911460
47.704899
25.567045
30.655786
24.145706
7.951784
46.857648
88.960528
5.631228
58.248967
57.664480
1.365950
11.801753
8.067011
43.492831
70.704961
39.959886
29.422651
91.298192
4.593215
1.513347
27.933121
52.601607
53.810313
33.809738
2.622998
20.936035
12.646457
80.153406
33.970072
46.444848
53.064866
81.674971
72.011893
83.720651
5.820677
79.963677
30.578299
94.781205
85.594905
88.827266
52.445685
86.960855
0.629019
60.512696
30.453686
71.333980
0.472582
59.876338
62.632172
5.065797
61.389685
90.565293
57.667405
15.199998
24.375031
60.290403
36.136033
37.021489
40.443809
70.106105
83.466337
93.508675
51.781076
55.478229
77.229326
57.601753
35.441907
7.807625
52.382958
21.036812
96.634891
4.828643
7.997667
97.263910
65.341339
38.451353
68.597891
65.813921
98.327691
31.230063
70.879718
59.717376
21.795357
28.547123
74.917373
46.170388
88.837526
11.053406
83.191877
29.281334
81.159511
66.658213
22.790009
32.940587
22.136442
0.019335
90.542340
57.578349
7.826960
42.925298
78.615161
4.461851
47.753941
86.612828
1.725762
13.095280
25.064181
70.323653
78.909201
23.391872
1.553716
49.788919
83.109247
23.349072
78.336042
58.026621
69.519460
67.173568
69.080027
52.711337
96.454903
50.239538
19.369550
19.244912
83.180125
41.505992
19.264247
73.722466
99.084341
27.091207
16.647764
77.699502
31.553058
64.401705
64.312330
33.278820
77.496985
89.376511
3.602473
56.406186
12.768382
5.156188
6.195106
95.877630
28.505261
84.531148
53.904250
98.024721
51.704716
22.984277
50.736057
48.159619
73.223816
70.105607
67.404530
56.403941
11.611599
86.668777
30.126407
10.695940
13.759984
46.774171
88.395442
45.313042
11.175876
52.707772
78.591862
88.672861
42.084282
82.194335
45.079048
54.852665
87.350523
51.274153
50.730294
15.855783
35.805301
4.634544
13.880504
87.510017
27.618822
64.616562
35.669636
0.842638
34.722169
3.074166
57.246579
46.333768
89.742943
87.372986
57.029708
3.502927
34.147157
45.425150
48.815969
45.323033
98.132922
27.407831
33.995895
40.217205
9.602166
79.074942
95.069869
96.952689
30.349095
45.800163
12.808472
66.154397
50.434708
26.688976
53.664414
78.053530
91.305538
89.334050
78.896168
26.027707
92.408216
36.142747
72.361474
82.151160
23.515732
29.391183
85.654087
57.662889
74.816333
34.470056
2.985922
72.949255
61.877887
36.981817
13.166460
71.480053
16.056759
8.236329
68.432742
46.405855
54.036493
81.241214
12.560251
4.471201
7.930190
66.224665
82.524730
99.235728
55.558715
61.420898
25.263434
47.966931
97.563644
97.624909
30.118091
21.079377
27.016091
15.772178
78.742266
1.832424
50.242234
81.728189
74.781679
12.120122
18.710006
87.948139
83.600174
34.766765
96.184468
52.032916
81.172619
50.220961
33.274130
93.732871
54.692162
41.204319
59.957536
37.216892
40.440047
15.516251
98.637790
65.703481
63.483182
96.201434
63.328390
93.601273
17.280811
90.344481
9.373451
96.023077
92.176905
59.615686
77.751266
66.958584
71.735807
96.461271
54.906724
55.335982
31.228036
51.091192
7.368898
12.400655
1.312153
40.643027
6.133526
56.004314
81.847347
66.091062
93.221206
22.287394
81.607312
91.858996
87.990875
45.090494
88.060430
51.319265
38.691768
5.341241
41.663745
48.065219
1.364318
33.840650
7.680905
79.115584
0.799235
79.416712
75.576855
55.705958
34.752694
6.804891
6.797150
42.121592
19.205547
8.109303
82.764619
25.339073
64.113618
64.611966
91.430134
57.334824
86.899359
73.037447
49.193820
74.890234
18.127941
37.254251
26.209499
56.819708
42.595492
67.873244
4.884928
43.959810
1.713895
12.565832
23.075394
2.513130
91.982544
98.652250
58.219088
26.735238
5.457141
65.016238
68.856830
24.662688
73.125541
51.621449
50.001760
37.239159
16.233414
41.431894
94.573983
3.132774
14.469341
43.767803
78.023008
32.597282
81.022054
4.232507
89.416990
23.617545
72.105751
94.301918
67.577356
73.819646
6.867750
90.652750
76.332776
98.850295
89.305000
34.551864
25.585533
94.762141
99.568102
94.442363
19.424828
72.693643
46.063811
69.426588
9.932802
62.297226
10.858483
4.506785
65.430000
25.327824
48.274588
43.453008
57.925105
29.296642
47.685515
47.342096
52.914187
19.791266
41.644014
20.491543
93.610912
48.511764
11.144293
69.943688
47.362058
0.449293
4.495552
72.947591
95.211433
4.063654
67.389954
14.636261
76.757298
13.453765
84.062850
86.690100
75.750991
94.921332
91.196885
41.180990
20.249156
39.471473
84.633998
78.174262
68.768115
32.319513
25.516357
21.682303
52.110779
67.160371
42.173846
45.721691
15.672134
53.318139
15.665379
63.034193
53.767432
20.160932
35.981784
48.978865
24.224586
3.371737
63.615126
0.981884
16.825502
47.677976
87.671984
92.576493
42.599308
78.868869
33.757483
62.848464
18.340342
18.391481
41.022726
87.108458
50.710993
66.539083
8.790760
2.821772
33.699454
50.964606
48.543463
49.371588
4.282745
64.208843
12.405781
58.050176
84.369774
48.387565
7.029041
8.594361
51.759302
70.644167
9.576244
68.584805
18.322143
97.248228
61.161297
60.921451
76.117097
94.918781
23.769916
94.457439
13.310261
64.792641
81.565897
64.021255
31.331724
90.356657
66.843027
65.031178
41.321262
15.386490
14.402767
45.604007
79.595333
26.808548
3.654183
63.965107
75.196113
10.683224
72.559468
26.955415
81.327391
82.135712
95.540219
99.649534
79.383940
56.701517
60.570985
55.501037
51.620298
84.340901
49.958476
64.930559
49.133542
31.524373
28.951814
80.465266
21.881029
95.794841
45.496445
63.202292
11.181331
59.899211
8.806299
90.776664
86.707759
12.460482
54.741772
61.903872
23.143706
27.301240
88.859287
4.471096
9.436952
84.399506
4.120630
88.820892
41.101023
64.691615
44.321929
92.721321
49.032516
94.280405
57.651880
98.166058
25.804778
86.603694
78.631324
47.685807
82.398535
24.127769
10.888099
93.579866
84.026980
19.694398
84.356531
70.734739
32.154879
39.098302
32.638611
55.298585
66.399542
21.497897
59.769682
75.836494
5.897403
63.890312
64.657386
46.998427
28.581927
8.979316
39.719747
77.614443
3.259721
97.371627
75.780500
29.064499
83.975321
54.411824
76.750306
66.373855
78.539593
87.638405
59.953722
62.566573
7.332803
44.310252
33.301311
39.487683
83.408554
65.939922
94.786268
49.808096
87.437819
54.555949
25.644590
93.335223
18.446261
90.301977
40.333649
47.028188
99.281292
80.053397
24.642631
2.541013
77.425024
0.423131
31.605513
61.400344
54.834955
8.355819
27.774200
33.374548
95.994224
87.727921
95.941120
3.327027
32.038173
29.242431
42.814710
15.446728
95.182354
37.600978
65.254824
82.620173
92.156927
90.899415
75.955396
10.603188
81.201391
16.289045
57.631376
80.482684
96.342442
82.274006
83.023697
73.767466
82.697137
14.629210
35.167810
37.532092
22.985029
62.942009
70.906640
18.979253
50.669931
66.847760
22.306280
82.708104
96.090191
65.120990
98.154832
91.272545
2.721968
63.409656
73.892718
94.878894
54.309071
49.848114
5.482082
35.510462
66.137159
63.113458
15.993146
62.479601
45.387464
99.016843
36.247067
28.084601
13.646052
71.414877
65.616693
36.631081
34.356886
36.523333
55.610334
85.026817
3.371093
77.916614
67.734921
99.461284
43.037604
65.889753
90.733829
45.759571
29.299409
64.626546
40.638466
83.608480
14.474660
46.120548
19.118942
80.611819
9.234005
35.112088
43.091420
54.621469
34.128930
79.338487
82.706070
47.774983
50.753364
48.322764
84.406063
85.110250
84.846097
40.016397
70.137067
88.217190
17.933011
37.871988
87.678474
60.970615
3.761741
78.412303
6.730186
33.061150
43.038849
47.368652
16.669630
57.513509
93.489199
35.788573
38.125328
2.723204
70.900660
81.216749
57.344673
5.029591
60.555236
40.050744
52.804573
11.308600
88.373508
37.210637
96.418850
73.219605
77.227034
66.555916
61.436794
95.160044
4.427904
49.115268
56.130659
8.189645
27.527571
62.860845
41.250795
70.566420
10.229496
57.920426
28.079929
3.718695
93.708998
66.205257
6.441900
64.609659
47.422006
63.786573
69.639249
7.977242
3.837317
22.443823
19.285841
92.210824
59.654460
15.704691
65.430429
36.881493
82.260607
26.867223
32.041538
86.688511
75.982492
88.172197
94.878156
3.510062
51.033042
36.128952
74.076482
61.262538
94.049377
2.156411
64.981233
87.758376
68.361669
71.423133
52.368034
15.783674
35.209706
22.007284
23.760916
39.047023
44.451107
43.046758
31.257847
4.105566
58.751449
96.688276
40.987060
41.012056
23.555499
73.028598
27.700567
99.537991
61.200794
22.578723
3.048054
12.233836
58.707675
77.124536
73.496374
52.757052
79.280947
38.477607
40.515428
47.642616
9.900740
92.883462
63.426290
45.110446
14.890745
87.187206
84.157469
59.341852
30.233964
15.415316
63.447418
88.985413
12.103592
4.434478
29.997469
35.659091
77.463075
57.698035
35.197082
38.663870
80.276759
38.245136
50.897706
38.984433
15.369672
24.394080
91.741485
94.650619
62.871687
32.256913
42.293235
72.772428
25.140375
5.719524
17.882874
40.031120
92.906731
2.040343
99.372972
23.140695
17.455659
62.820390
12.126108
29.559251
67.254868
42.123576
65.218342
44.717943
99.821612
0.415424
83.381813
80.098370
38.660560
34.279519
19.082804
54.030232
58.673598
10.824289
48.680851
21.545285
43.081202
90.974086
94.317713
68.221577
96.693610
12.200587
8.252697
89.600341
14.240929
7.625669
12.741036
31.696588
70.446059
24.867143
61.255839
37.700927
66.990719
26.474181
82.418870
66.812331
26.889605
65.800683
46.910701
65.550165
0.080202
65.993505
19.580397
58.753800
76.817794
68.261248
80.299085
19.898996
59.235334
74.616798
88.120572
55.928944
86.817385
96.373269
45.529285
1.058314
3.998938
58.270321
32.754903
74.444997
83.137464
94.010741
12.145924
50.128183
20.484922
94.564794
16.940514
47.374527
60.365478
63.851215
12.924692
60.445680
29.844720
32.505089
19.199480
6.662514
0.766338
99.498565
26.561510
60.001672
74.115364
14.682082
15.930616
60.932748
11.055351
61.459901
61.991063
15.054289
19.730221
94.745965
89.499285
2.867685
88.756707
1.645209
52.995869
9.241629
96.210003
69.936383
56.616156
56.575481
33.787598
69.540848
17.021160
63.632319
2.045937
36.220640
70.294833
2.812275
35.719205
96.856343
62.813947
9.834569
11.538425
78.744563
70.767317
22.593776
40.204463
32.758380
37.648064
59.934685
27.504345
27.147350
62.802370
16.261052
28.792558
15.798239
25.502681
25.002561
85.734622
82.118836
81.578042
19.522221
51.659684
98.599202
83.154539
53.705621
34.819843
53.449372
56.517896
70.539048
50.305715
19.331842
80.373617
61.844140
98.076405
51.140934
84.437915
38.280868
83.899314
22.085980
98.215553
11.403660
49.233329
61.017924
27.664712
78.025888
76.816163
53.167392
3.028449
62.550785
35.286228
84.606491
82.073006
86.945912
83.205694
65.227545
40.651533
18.025536
18.676917
97.169429
88.564584
68.982632
16.501271
68.938201
30.826771
14.577676
20.079135
15.264687
52.858544
3.978449
37.350667
51.074098
15.382109
86.583996
12.092021
43.046821
64.609884
88.908184
96.214213
67.638333
51.458969
31.500441
52.244825
33.531974
18.446353
35.450518
98.759519
59.097886
53.476055
17.436436
56.267315
42.040639
86.419068
72.768586
10.978840
17.245839
87.346262
31.057976
32.510526
40.204806
35.036425
69.861193
91.278904
50.418534
56.445189
3.370925
93.465355
21.055073
92.279109
89.679567
88.693406
43.738078
21.180009
40.938230
77.270053
39.626362
76.388749
76.029572
98.724248
29.864803
93.466008
54.991563
71.905443
79.885076
27.760149
82.884283
97.130916
15.106411
13.942259
29.641442
55.311217
48.978684
99.502635
46.590121
99.397218
55.947824
49.961046
92.862572
77.002896
42.240156
82.542140
65.696302
85.978234
3.722148
6.634532
63.248287
43.348510
83.023280
39.277859
42.072758
12.888084
32.743868
97.064321
84.793526
12.628944
24.824470
67.677809
9.759860
39.930881
81.620068
39.401302
95.242098
30.598751
38.903937
41.832219
29.995969
94.851760
91.793265
22.858541
71.854657
34.033421
5.400681
37.550958
20.011656
9.122829
44.185490
83.259943
52.471339
27.208770
22.537802
94.544097
40.096854
55.281670
91.608418
24.890380
67.910614
16.432888
92.568189
77.670474
56.363769
74.188257
17.071777
51.605867
4.787008
55.975713
93.438086
34.782977
50.827474
85.231352
57.641518
22.682130
19.264773
63.042199
60.233088
39.276428
72.165027
4.418578
22.536371
24.636366
31.627348
45.074174
19.180463
71.724202
0.355844
10.788881
96.614583
68.266458
27.221770
89.182772
45.936932
83.585539
63.371029
63.008709
35.191407
68.158037
18.984422
28.629493
2.941015
69.811896
13.860845
60.582533
92.494026
33.125618
23.624732
52.727115
72.402046
95.789759
57.145693
94.938417
20.426125
88.773041
40.012591
39.606589
60.497244
40.368434
50.395470
57.111826
8.634892
77.617240
46.294598
54.571825
61.202779
9.665627
17.580534
96.394186
77.823665
36.564956
25.023679
80.764679
6.376852
38.884524
41.347212
98.870879
72.010141
64.971944
51.597993
44.412187
60.761703
8.743686
39.350605
81.187828
97.516728
79.363196
20.794417
58.013972
19.731630
71.189887
15.125798
28.366523
48.807127
61.420396
82.938347
10.009906
71.086023
0.518881
6.404092
48.909688
37.083837
31.427771
29.674367
43.460690
70.312295
71.021579
42.331568
42.322436
35.993523
93.929562
86.734624
96.755226
2.673248
26.085228
77.943055
0.189976
5.448424
98.737472
58.203947
25.180054
69.927359
73.329745
53.546577
18.734485
34.750141
36.484924
28.744392
5.836165
37.003805
35.148484
54.745853
74.087643
66.576255
84.420220
17.548332
36.888549
55.441799
59.879901
79.210986
91.435322
53.809462
65.945609
88.190549
56.482710
92.030837
66.133603
56.672686
97.479261
64.871075
14.876633
22.659315
34.798434
88.206378
76.205892
53.532919
22.956520
12.690816
82.277310
28.792685
49.694621
17.425794
83.538537
23.782264
84.002049
67.958757
41.330596
20.890598
23.400556
1.210497
0.101584
14.835878
55.019959
66.047193
3.026427
11.502670
58.078030
69.160030
68.175355
55.557291
34.031105
83.051989
78.216607
68.829539
71.258367
54.422499
22.362458
94.214887
67.113315
4.639768
23.007572
16.807936
22.065562
6.546109
40.590200
6.067611
74.504866
81.920796
26.958209
97.905422
83.131293
27.059792
12.741301
38.151253
93.106985
15.767728
49.653922
51.185015
84.927758
17.829278
6.742306
18.958863
0.881266
84.958913
87.788402
72.139633
39.381412
10.150859
66.354520
6.494726
14.790627
89.362092
23.302662
36.856189
95.908201
63.892862
42.923800
70.413066
45.813658
69.882009
68.318489
28.944952
96.941801
81.059789
67.096204
90.048786
96.827517
16.750126
41.233801
81.755275
34.579404
47.976108
0.714138
35.460670
32.935021
88.502540
7.600303
72.316433
98.653399
73.954824
78.811159
13.444026
63.316915
2.113821
50.300215
59.225116
66.006683
93.224015
29.638182
11.820342
63.106024
97.956671
40.765293
60.047826
79.016460
7.861498
50.096612
75.843977
24.611624
91.330413
57.599252
59.191028
39.306521
58.313390
94.651698
72.241542
46.815930
2.252002
44.557974
45.469329
76.206825
23.369133
58.913355
39.523740
25.482955
9.213570
98.748856
91.489638
2.437585
28.387038
3.309980
65.543610
26.343709
44.075273
25.591435
5.360169
51.936771
75.688047
81.204146
76.548395
67.018460
38.803398
35.739423
6.324981
97.116788
30.391121
78.566522
43.932718
32.643122
23.124497
89.402047
8.849948
46.493630
48.315401
48.373688
71.976585
57.528971
47.122544
63.466223
59.966557
75.509582
66.776203
25.510166
1.853291
10.851476
51.101601
7.213460
62.788247
26.789648
88.417606
39.336641
93.808108
27.221004
75.076064
0.133089
24.337793
5.467185
78.699611
68.270511
38.110307
1.824108
57.672558
46.960255
48.317738
5.987959
95.333943
20.294322
63.516931
42.456487
83.760545
23.483487
17.966069
50.536747
48.993654
19.819360
61.388223
0.095255
27.032820
24.176470
26.884903
15.450426
63.513111
20.693011
42.671430
38.589175
20.826099
67.009223
44.056360
99.525711
35.279734
82.166667
1.349818
92.952292
29.126922
49.667556
98.940251
24.460864
69.961878
62.457181
66.917351
53.722423
85.940669
84.883420
4.259171
34.934322
4.702780
65.647394
35.029577
31.735600
89.823864
61.914480
47.186026
53.336975
82.607491
89.857456
91.926150
3.433590
56.866679
35.982509
2.959300
92.146413
18.149176
4.309119
85.098704
47.276098
53.976675
84.038955
71.736963
23.938553
46.496136
38.654314
77.660976
32.436805
23.537734
81.920147
67.371128
28.240514
47.567541
2.400705
59.976114
37.391405
64.315184
7.162140
90.728379
46.922675
97.019596
82.654529
50.356265
53.886275
18.637038
53.315566
46.032687
36.786215
57.624684
31.131392
84.062313
11.601359
15.170347
55.799275
35.539912
61.666483
94.453589
13.200888
94.103288
17.991323
95.121035
61.474416
46.231837
42.688576
63.875120
6.207952
80.079981
28.190305
13.370091
70.808360
75.112980
10.389687
53.462889
25.469245
64.275962
72.099928
78.784810
10.308649
8.886142
36.409495
41.440041
92.948455
48.010854
56.610387
48.747731
83.550766
18.276870
43.201320
96.751654
12.380159
61.192643
91.872690
73.854575
7.424481
34.561266
37.729695
13.632432
14.641247
65.920000
27.002524
85.449607
41.032980
37.392211
38.912497
66.502225
1.668173
11.012424
45.287035
11.976822
19.898567
81.696530
53.416862
12.847022
29.707383
10.027250
61.594752
13.258149
28.304120
4.796072
10.009804
40.684279
65.988715
1.882493
14.538854
73.413196
36.443760
52.268549
87.045628
51.085007
18.188548
14.048151
36.534614
59.221528
51.440362
75.447111
25.723753
53.108535
86.459535
71.010787
65.085356
6.358102
52.707317
18.502219
19.205124
82.414700
28.529469
80.799876
95.672850
56.833589
85.595949
5.682653
97.517868
51.584664
7.565147
12.056721
24.997860
44.008906
64.325270
12.043488
95.093913
82.513818
26.091639
31.628528
41.735346
77.532001
7.075639
67.459099
30.640536
93.535174
38.469886
95.725893
99.893276
91.177203
14.228112
19.098400
73.591903
42.757580
99.898276
69.264753
99.591169
85.494225
74.947406
97.109037
37.078888
82.512553
9.165758
62.076748
26.521459
73.491028
74.120236
21.615372
56.004846
0.211875
53.243900
97.740193
77.743877
60.319538
65.199291
8.384413
53.854712
3.669178
4.110305
53.747988
94.846381
18.338417
72.846388
68.438284
61.095997
72.744664
37.703037
60.687166
58.238888
12.650443
57.796203
95.317777
95.162996
66.961962
57.394525
21.684455
40.452990
31.514761
43.299827
96.457836
31.726636
96.543727
94.198029
9.470512
56.863265
59.397320
17.854925
10.717978
63.066498
21.965231
64.465966
57.912878
40.303648
37.312353
26.351162
1.399645
10.057017
64.054200
62.086811
68.295905
76.704643
19.883015
63.613682
71.867638
86.844976
21.008206
93.552093
27.297966
52.522967
36.851920
23.755803
84.249603
33.395647
17.953831
93.720115
90.258912
77.351152
11.575040
0.976890
40.417649
33.540271
65.442855
98.330528
73.843918
2.755209
24.681690
75.243563
12.812226
88.735890
37.330375
81.108131
65.440532
57.213389
44.721812
37.308171
44.058366
65.730018
30.860264
71.356332
18.252985
67.712184
95.112135
2.502588
1.107831
13.065966
96.222703
91.366743
90.417118
7.797743
92.343633
30.834767
41.338013
57.786488
29.165295
15.181932
60.541697
53.846985
90.425495
73.353923
42.582875
27.755870
54.462053
8.023407
84.969259
99.183865
45.331578
29.027625
64.913884
76.191842
0.383957
83.166869
43.904026
95.496092
85.669457
45.011857
8.562058
81.892160
36.378600
98.979176
89.689902
28.722233
29.813943
31.027916
86.508722
58.979238
46.209848
47.050419
12.826223
36.635343
20.404341
55.409098
64.391213
74.866394
63.432505
49.360472
74.050260
8.764083
78.388097
38.964144
84.955925
78.772055
22.131013
28.859951
74.268146
7.800469
73.871808
82.830204
89.692629
10.250408
81.809380
79.382531
38.972641
11.623323
10.410447
25.481362
70.602561
56.620295
72.531781
83.428784
93.255637
92.936122
38.837882
57.646850
67.802517
2.270388
7.007322
41.852776
11.034471
85.395420
80.816920
95.990396
64.167474
2.947932
24.850348
38.435621
10.748402
98.722155
21.265825
0.441031
8.972563
3.075205
79.823562
47.945204
14.698528
90.234009
73.426567
85.301090
46.854304
45.958348
68.729874
40.109941
38.894470
7.567756
97.756791
6.696986
9.838143
4.764114
48.549763
20.872614
90.159533
29.366682
16.863011
54.327007
32.314615
41.713358
92.762628
43.063016
40.435514
14.028453
43.504047
49.408077
17.103658
23.327609
97.353281
31.802186
13.561618
70.779848
17.103276
60.415922
16.738195
85.833149
0.525863
55.632665
93.400905
98.282654
62.329651
3.239048
3.046768
10.879414
24.111663
93.206301
40.246096
40.974674
47.533308
72.560711
82.688032
40.295936
15.623727
23.123546
54.324388
59.127774
72.531623
71.428046
82.455383
69.884905
3.230232
96.017001
40.664752
20.333508
56.432922
57.402948
6.166657
56.958785
13.035613
99.567563
55.241439
75.365264
2.806611
58.288207
86.244678
26.918274
51.494507
26.490774
67.892948
99.027815
99.051485
50.580980
39.323751
14.675212
73.704526
93.648139
73.802986
46.236149
65.076186
56.258368
16.121053
68.306418
52.275369
56.785806
88.639926
8.708291
14.188754
94.806584
65.667076
27.224367
94.374146
20.908514
2.589631
97.180757
79.196721
88.834309
24.099031
30.691228
15.325083
91.991979
29.719044
14.376568
42.572959
69.042795
29.051779
16.277485
62.690934
2.854765
62.513634
27.767120
59.113133
78.634687
96.073538
11.388502
35.420493
84.713464
20.096793
49.609247
79.520048
85.763868
76.833613
73.894194
6.672383
79.423244
71.074951
85.869104
68.257553
95.173983
16.560332
83.582636
87.165962
46.279376
97.959203
29.738921
15.322171
27.010983
46.016406
78.013105
29.865748
8.530039
5.780224
88.978881
87.164727
1.853762
0.367383
22.585220
86.567226
20.464175
72.194466
66.087273
6.228044
49.028079
39.981467
12.900426
28.451324
11.056419
98.769530
96.708876
6.230401
15.329862
80.291512
93.396363
61.609238
78.250715
23.135284
76.931409
5.261698
69.151690
54.944513
35.127446
77.681729
60.724738
24.106326
64.846455
62.578499
24.473709
87.431675
49.145725
44.937884
59.626141
15.232999
51.165928
8.654221
55.214466
64.066354
37.105544
66.270885
62.835884
33.814421
72.501286
78.165747
14.105933
65.897649
39.774985
92.356648
89.032933
16.706393
97.618346
58.184623
71.650907
32.745792
35.866352
32.375644
56.852118
0.712807
94.954144
81.325827
88.144482
44.099869
26.263711
47.770623
59.332868
77.429639
56.424844
14.547334
41.495993
93.530388
80.818218
4.331878
27.344809
53.319504
82.497625
41.450741
19.217153
22.272609
33.807389
8.250086
38.979003
31.425735
66.434709
10.629910
64.171527
2.301061
43.005554
21.023645
3.013868
37.959697
2.349473
91.158350
82.059566
28.613184
38.928974
41.392434
6.042823
95.353818
55.939768
47.538817
88.884206
36.757986
51.870694
16.229014
90.077490
34.368319
57.679756
9.294644
56.640928
91.487145
17.544730
95.619931
22.912880
83.979439
6.249841
87.084407
86.280500
49.255395
8.108053
89.294369
87.215092
10.457525
80.452719
69.274659
39.070709
19.381692
10.667093
45.113533
14.735510
66.606861
92.652349
3.619716
3.364847
44.523044
19.848730
93.442337
78.891363
77.528486
2.736981
35.532291
69.015631
20.281711
31.152222
91.928511
4.261151
37.402063
79.012918
90.541651
86.657457
87.120971
79.836020
73.872549
97.578497
60.288738
43.147208
36.649206
79.670431
53.814301
81.762739
94.405941
20.421161
74.415088
98.025656
23.786008
18.938131
17.874387
17.228345
97.829494
95.402873
19.965326
33.361785
64.418503
40.247037
64.514006
56.347015
44.508188
1.916069
35.359933
35.049839
88.573526
22.480904
14.885859
62.446076
20.059401
75.174597
5.593284
56.708607
54.845028
59.407584
38.471345
49.250968
79.828746
12.886433
47.276625
3.614753
31.824564
65.151011
20.843099
29.654058
60.553884
40.808425
63.015842
24.972387
81.055462
27.529849
81.319402
25.563650
29.445918
16.679335
60.613489
18.019444
39.160239
75.499348
80.465520
59.219640
50.673945
86.058804
15.928246
5.518972
45.466388
54.399591
54.769941
25.295134
67.286024
2.046565
28.909887
99.110588
67.197577
49.752986
28.764646
27.751461
90.561410
91.780488
52.723848
71.616872
19.310337
34.043250
97.180522
48.756255
50.722585
57.794011
66.775699
89.882824
33.293358
47.241219
49.102464
83.967303
33.300023
65.030710
89.486275
78.766412
19.430301
44.256216
4.061545
86.716325
46.302781
32.971433
85.826913
13.500358
82.724419
14.591559
41.251818
73.285829
6.372047
93.975667
44.902701
25.682384
28.018917
42.083223
74.438638
78.741502
99.877234
41.214338
68.624326
33.170592
88.455557
17.726790
17.137895
21.755580
82.757499
6.624170
0.521992
2.187800
50.880385
4.583538
88.904125
97.183166
37.554970
74.731038
10.683524
20.279389
89.322597
51.935343
93.565218
95.694644
45.911009
38.467919
21.377027
73.929926
80.551142
95.815666
52.671428
80.428376
37.030003
21.295754
13.598968
25.485560
39.022544
30.736863
47.241141
21.780043
37.361033
47.763133
23.967844
88.241418
52.346670
12.871969
85.424585
89.901641
87.603007
96.108109
10.181030
76.925604
48.043451
3.746248
72.620248
93.954460
42.214166
93.997275
67.884387
22.765308
89.812940
20.555815
3.193684
26.842944
41.851569
16.792652
52.328504
80.874112
47.529514
99.569645
2.654155
84.890547
47.332777
26.621999
73.131965
99.679448
39.493968
58.556550
89.581089
27.096975
54.664658
99.762119
4.022579
2.708109
3.508366
76.642826
96.662570
45.722532
70.640101
64.546956
68.487841
60.453041
85.102771
71.681525
87.295985
26.954339
88.474176
39.624489
7.828451
36.003691
39.194133
10.482607
20.894238
86.526911
37.104606
94.026203
86.206359
76.598573
52.582752
75.787447
3.695548
7.247410
75.549566
7.718127
9.955520
79.057932
84.360953
6.618089
24.780464
55.001054
71.165045
93.268305
15.454096
56.267816
64.949830
2.750081
83.222155
53.424006
42.374570
91.050607
89.427697
81.568703
1.533214
10.321935
68.095614
38.637819
4.348137
54.301972
15.236393
56.930890
30.089420
18.931941
64.178300
5.638986
26.650068
74.133820
84.696918
11.011021
80.751909
9.477382
66.012075
51.916955
2.745687
81.466171
8.184771
67.695517
84.216252
91.406926
21.119524
26.590821
82.457533
10.547220
8.159524
83.990747
20.869155
76.255138
22.628566
25.217293
30.557111
37.864959
82.148182
60.646530
56.796900
46.326483
66.285516
83.446968
20.460303
50.982434
94.457989
1.212212
60.459816
60.470064
53.129167
63.205504
41.936235
61.313938
30.901021
26.152487
52.720864
52.020544
52.743308
35.178397
62.567765
60.902833
19.169144
83.436920
37.157971
41.797710
8.654212
67.715081
79.662668
90.802395
28.361612
36.459568
37.128878
94.647128
19.906535
57.589180
45.629562
14.364524
58.801392
6.089378
74.834588
11.930559
69.294881
16.770823
73.244497
0.195902
42.923310
25.965362
52.216446
95.666619
61.143759
14.784211
56.569451
80.312903
98.221131
93.727422
22.110612
6.875343
61.442503
1.773280
97.677738
89.804115
38.232848
34.806616
84.451242
58.139384
92.395796
30.080804
72.503908
51.197188
36.170182
47.338496
63.127748
5.465063
64.109320
36.372245
5.660965
7.032630
62.337607
57.877411
2.699249
23.481365
72.661622
59.268700
3.794268
70.882752
52.996122
25.904880
77.758096
14.438626
27.678160
75.435834
4.242740
65.911009
10.242449
88.693983
24.050392
2.638245
18.774787
96.554300
53.835433
54.944969
43.892796
16.963181
60.410031
8.002116
53.335426
66.070996
15.034746
15.673033
23.948406
17.733995
39.154398
96.610028
77.002695
42.948666
67.492780
29.998817
68.853546
45.250876
44.437443
96.531706
20.686710
48.680184
62.442715
30.929159
37.374167
86.493108
33.567404
56.148953
83.047408
87.402837
11.093922
26.940204
4.366018
71.503953
34.942320
57.701444
37.574949
49.977066
73.374477
61.523355
67.711061
12.528875
58.133383
44.713756
55.477541
25.626164
74.712573
24.331087
70.877040
19.150016
20.862793
91.563749
67.830200
83.305508
22.492908
5.204366
69.798616
56.060313
61.353320
52.846024
43.463150
72.447242
79.786228
47.829168
43.951195
14.728548
5.530613
81.526144
64.705614
78.905090
43.049499
32.416675
91.433965
1.182883
77.130430
46.911506
26.809046
51.843003
71.242593
97.686086
70.993020
92.105386
89.249836
38.823219
75.410895
11.742744
44.027586
45.209510
67.803057
5.380906
98.055534
11.266207
77.828147
77.841762
59.095375
21.779342
92.570310
64.625988
3.305486
57.275924
43.531077
46.354986
89.692598
34.965042
47.537868
66.823029
81.876548
74.346915
18.666032
53.119141
72.033001
89.659051
45.224527
61.282836
28.482271
20.635421
73.025580
72.509857
65.844931
40.828637
77.890762
63.900466
52.094844
55.718910
41.742227
11.190218
77.498252
34.312537
75.816206
80.803739
91.588461
19.347283
27.158724
81.281059
54.312325
74.696592
48.104088
36.188873
49.043507
66.770120
89.308014
21.076508
56.429171
34.532540
82.359344
84.911442
55.167961
55.384924
57.421299
21.012893
96.213561
35.312061
84.913358
48.308405
91.030971
26.655586
59.498623
68.529223
60.968123
35.314829
49.332961
52.556584
54.662113
76.491685
33.837643
8.974438
51.188278
81.941731
45.163311
0.231785
48.711851
34.471324
21.308292
5.141022
69.003865
3.667636
90.052464
24.171826
59.052560
47.473763
45.184719
55.266122
82.785824
30.098077
3.574526
73.816795
56.753662
63.073150
42.346017
17.721785
98.387979
91.678979
70.278369
53.050092
68.170664
4.116012
62.024529
19.358942
86.057744
7.187840
19.590726
34.769594
41.659165
40.899018
39.910617
10.663029
44.566654
29.963081
34.834855
3.619215
77.436844
80.019574
58.885336
60.222668
10.117650
62.459863
34.039463
66.871313
25.533012
76.385480
84.593098
23.920991
68.064459
54.871468
76.971083
36.235123
58.987480
38.995612
55.594064
45.045224
46.183452
75.184790
79.814818
87.842617
16.083809
19.725435
98.505646
60.650463
49.688516
33.340501
64.269678
27.125360
13.360075
23.155014
87.348028
23.477725
85.614877
21.387491
90.349038
11.147890
97.772971
74.942136
35.068881
65.837430
29.813604
12.039964
2.072553
88.801084
51.035576
57.666617
33.846308
97.219028
32.851407
13.661126
85.061645
48.935216
33.386561
83.567291
9.585679
83.075076
16.907793
73.855356
10.200437
30.267868
97.010371
97.548465
53.745593
82.625248
18.935956
44.094631
93.773138
16.708928
19.036767
28.842018
82.546358
48.850371
40.881982
84.618911
37.651455
91.917558
42.285527
71.497763
89.136586
75.136934
85.158889
74.198231
24.072150
18.545449
57.765523
33.657829
1.620526
74.673316
7.513185
11.820962
4.941183
4.523556
9.369427
58.686776
87.148804
28.305383
2.781407
80.921941
45.014311
21.818174
9.763960
27.560668
70.668546
50.645942
12.179579
8.320001
42.563500
54.465106
79.817764
31.700086
29.602041
64.976653
5.898317
53.674191
83.522102
63.663840
87.332020
85.142628
38.337156
94.845205
96.963590
43.278339
99.368761
6.333018
1.965115
86.517565
34.638401
4.746522
67.439506
79.652712
26.564696
77.203466
7.213380
97.233242
27.849408
19.392959
5.553243
70.412908
73.858066
85.371007
2.112994
3.460107
50.347660
8.011311
57.134298
33.869762
71.675152
44.466317
19.012390
10.012308
39.311522
15.975981
53.290647
38.680283
22.308998
55.255762
25.197847
56.947399
60.002284
92.637354
36.600111
86.566981
69.840820
43.813491
83.800223
97.690227
63.206451
89.353466
68.103135
37.064516
74.724473
70.216129
40.524623
25.072133
78.227440
97.658921
58.941895
49.902592
42.125238
77.954285
59.914900
81.436760
93.930266
13.205547
20.117043
16.239264
68.461309
45.314890
73.186664
28.463593
37.952244
9.786775
15.030574
7.793063
53.600266
98.830796
5.483291
16.806717
88.184262
73.586426
53.871233
62.908735
43.802555
94.395856
87.980868
22.029995
92.054776
46.922762
71.932587
34.180014
24.877048
31.847487
15.616774
18.807313
45.053034
35.733817
35.046578
13.514343
81.048707
8.233241
41.977936
19.000951
18.020016
57.008510
26.794014
71.620281
55.839306
32.277305
88.426998
44.023568
5.863731
42.298231
6.932303
49.666286
36.694087
94.913170
71.696281
28.748863
41.835933
43.628869
62.928877
66.712980
75.476356
78.545651
85.520294
20.529390
14.279468
20.566871
34.043733
95.328175
28.800112
76.021669
14.329126
46.820128
33.030178
41.123140
18.440409
88.869484
73.400445
6.867407
32.893052
79.264176
49.165638
39.825355
28.930462
85.859725
34.738525
0.626743
14.608588
76.574458
44.255612
77.537465
43.287439
19.731968
56.083116
28.807732
40.261358
70.362584
49.374604
74.305091
65.690760
78.174716
50.326760
80.019885
24.994844
83.356938
21.143025
43.435253
72.226422
94.543470
50.302660
5.119474
73.807646
99.468298
44.944829
2.738108
85.328023
79.683354
3.364851
99.936611
56.257812
47.620463
77.474076
99.545251
67.352431
33.557192
28.352983
7.613789
3.919776
77.727587
81.918880
69.610536
55.902303
32.245640
49.630421
80.897147
15.602578
70.773447
24.332399
87.828999
65.316917
74.635060
92.948473
39.124564
74.103358
37.893302
41.862672
59.431381
17.576656
45.227523
59.367992
73.834468
92.847986
36.842067
73.379719
60.200417
70.399259
1.732702
67.814207
74.319036
79.460289
49.733087
43.929572
35.362592
81.978727
93.559993
16.259738
97.581304
64.333440
40.592138
85.410304
29.650357
15.227198
78.358777
68.774921
89.330555
16.252078
10.637592
48.761936
33.828734
55.865115
8.129928
7.663202
48.713101
44.971995
81.042921
8.913518
15.371254
82.775623
76.727725
89.690290
62.235912
26.460812
33.619862
97.598504
8.439539
27.179855
13.858243
6.020843
91.513295
54.450381
91.431147
21.163652
69.677578
69.789924
89.938573
59.008134
86.042002
0.576166
7.770070
19.870736
56.441281
15.899998
27.533938
5.154382
60.871993
8.576859
14.067900
76.243247
91.352482
90.795625
65.933538
53.588394
17.256437
99.553400
51.186898
25.695976
26.733255
65.045141
31.716820
18.246550
19.495521
23.147967
39.410202
89.173100
92.937890
29.348775
48.181233
78.979892
29.924941
55.951303
98.850628
86.366221
71.851301
26.384566
91.520603
32.723294
34.961425
5.588504
8.966541
26.313907
96.384129
74.900079
79.902301
13.640566
74.453478
31.089200
39.336543
1.186733
96.134341
71.053363
19.433283
15.629862
94.201329
58.843485
4.802962
87.139220
88.192260
52.984195
66.119112
18.117200
8.935498
64.969740
4.483422
80.786799
91.354306
96.004025
13.510092
26.315731
1.592529
22.476633
52.629638
97.976658
97.376712
32.531940
11.617224
71.830190
63.621139
50.953767
73.016923
59.755480
22.007129
92.450206
75.385342
16.208459
51.293691
80.188304
3.347678
39.485950
33.172499
69.466790
57.603151
42.107996
34.436530
62.086573
22.894795
25.790836
58.090598
36.404887
52.106568
59.683126
58.881521
4.736206
57.659784
56.258233
37.268145
69.277008
28.088423
0.889285
20.230775
1.105347
60.644765
42.237904
93.555553
36.030107
58.446363
44.849243
16.218410
61.794042
84.335193
49.390909
31.260832
41.938344
91.498906
65.697362
4.024917
14.393701
91.488198
62.115514
50.798588
43.594766
21.798641
9.680108
48.330972
79.458425
65.938341
85.599117
48.735433
94.026764
86.488402
68.966208
95.132111
47.133166
11.204112
88.687663
83.163273
69.650475
33.536906
99.381684
31.444517
17.872100
48.772593
62.705349
59.810444
40.271498
28.402711
63.835360
54.665199
19.890909
25.950875
5.463786
63.485675
47.749515
15.143895
11.816646
27.207940
81.082236
97.415763
75.943373
75.109000
83.904165
44.909581
70.241111
31.037332
56.113693
58.928775
14.200605
25.764168
92.465681
13.582288
57.208685
10.337781
62.354881
19.914034
70.148225
2.626379
48.316745
33.983585
57.291578
68.207654
59.934460
62.755364
31.693328
7.683975
77.899259
43.509974
34.891915
58.981495
40.925738
10.835288
34.090495
24.829903
55.744869
4.331606
55.867235
11.858562
63.260380
70.067839
37.622731
55.726061
83.650127
94.831416
66.063842
46.005008
14.745450
36.212067
48.631387
63.062195
70.195652
5.922964
31.269848
30.130111
68.678328
62.963177
37.814086
46.577587
6.473151
72.706001
5.559082
47.398889
83.541290
39.649577
72.228792
39.286159
43.981182
28.096026
51.144721
7.241563
98.163865
88.767452
62.967624
81.813993
83.598868
29.031466
27.819001
98.344318
65.243533
76.450388
61.406513
35.439184
82.373353
92.676362
65.569295
51.051681
55.639538
3.383382
97.629268
62.112689
76.089383
3.188350
9.511578
59.630673
42.837926
81.740369
98.916832
86.819109
9.836395
50.061553
94.060671
8.000261
38.829005
57.028295
89.814254
22.427873
86.059762
17.633255
20.772191
51.303294
94.083643
82.178704
86.742479
76.456995
74.855066
52.311774
27.508676
30.494604
55.695156
25.137944
92.607293
31.784539
28.326294
2.118871
91.415212
71.164221
83.859240
90.332043
57.983329
93.695635
40.393596
52.044001
1.695896
79.222601
9.072296
91.510149
1.650473
95.132058
9.143404
22.422664
46.435352
3.227047
4.601368
33.177831
79.684042
79.456434
85.489605
7.192719
9.951038
41.184761
32.330663
2.558331
72.969299
60.656957
4.677202
64.384511
31.821178
88.536442
54.716555
89.804507
82.232077
95.110151
41.848507
83.927972
74.332752
50.920804
75.438122
75.983225
46.052861
84.581526
98.405889
92.488213
87.808573
3.007258
25.666044
67.492615
82.463692
11.155649
74.685334
92.414730
52.340409
7.015997
94.973062
25.309709
67.672954
99.650264
89.694220
99.494132
88.186705
44.410775
89.298639
70.418781
39.520925
31.147146
54.346754
13.853677
82.067950
29.784875
89.836902
28.120811
14.366401
88.242791
20.609024
2.174974
91.250049
46.275068
69.667589
73.713741
57.430717
44.352923
66.128472
9.771127
51.368920
61.101533
35.080836
19.041874
60.751797
24.775056
18.536006
48.938502
69.185830
7.834644
19.357283
8.706756
38.981791
73.704037
22.560433
21.049740
3.488912
12.397335
49.170551
17.855314
0.640126
69.779576
20.030288
91.890175
16.054644
89.697877
65.603916
73.485361
34.050800
31.732388
83.256488
85.419719
92.833921
18.337323
4.461593
53.585718
43.112379
22.997599
2.524219
12.298210
30.832243
21.881503
21.004965
69.814033
95.585540
43.565398
90.863774
99.074452
55.962733
40.034325
16.929765
56.602859
9.813900
36.960053
48.493034
25.868544
26.657930
14.096950
99.353906
60.708730
45.829337
82.610393
46.128449
38.663258
0.947717
50.590042
92.248976
44.060096
73.587640
94.773195
56.358305
4.419883
16.654698
77.363271
74.233916
12.240237
20.928669
65.097690
11.314689
76.891401
5.132015
28.244455
33.494260
14.945915
65.204508
81.987294
40.814460
91.862438
96.084243
40.168365
52.571168
41.913581
22.778758
98.699616
80.576839
23.726475
49.289658
72.825815
67.786571
22.877299
67.599010
24.144876
27.297182
84.253708
1.508146
1.531098
96.493946
22.436815
66.628788
7.808635
99.328216
71.760803
36.053090
32.822477
86.706718
1.257598
14.809770
27.521178
93.120036
10.894014
67.689543
45.691203
52.807594
90.468301
44.390820
33.384433
14.194776
93.680478
6.210248
81.981347
16.557777
73.809259
6.126223
43.854958
58.062967
7.634369
45.386056
54.556913
30.071184
12.014844
62.365548
29.399401
83.775647
98.418638
62.221877
70.482365
99.676235
77.031647
98.003543
92.796271
87.925661
65.693086
38.487474
40.733256
56.161387
82.878294
74.117689
70.356163
76.558772
80.327937
52.337510
93.116549
54.137196
58.463733
36.971507
12.200163
66.098102
82.357563
66.757076
96.169286
94.372407
29.122624
25.568686
78.148054
27.541261
87.790563
48.630419
27.217497
64.822211
46.633962
20.013768
52.747872
12.327047
58.501242
93.481128
68.488434
41.379537
67.598817
38.844597
17.938309
47.926754
91.182107
11.054857
2.063950
49.645839
48.026364
14.264112
15.743941
30.383927
81.021188
11.913227
24.756334
10.143812
37.481913
2.904388
37.685073
25.272476
51.534807
64.902570
90.094687
98.168769
84.916338
42.842559
10.495816
43.417580
36.323687
78.984250
84.797117
3.922503
17.828847
2.735425
51.849257
9.010953
13.790283
53.913207
58.656793
61.816647
68.177319
74.400733
92.200574
49.198507
86.313960
16.956908
59.342319
23.795873
19.861296
97.027392
49.068349
71.396103
61.929962
39.163036
69.564872
46.846300
82.005596
80.060687
90.263880
18.329282
59.044937
75.060997
22.251786
76.873784
77.796422
74.101043
85.884737
91.586705
28.014250
44.541530
53.403351
96.191569
18.942263
45.603925
45.390076
5.256223
62.560833
4.732395
29.052096
82.422129
1.759787
78.120445
53.818232
63.689749
17.283482
23.383103
10.536049
99.289077
3.443791
0.799929
17.618360
62.488728
75.860925
39.870146
39.362512
53.657347
13.971189
25.247249
45.244052
41.985438
69.788779
98.647403
38.177007
88.731042
44.251328
83.567083
93.987265
6.812161
88.299478
23.039361
89.234290
90.059265
1.159806
43.052522
53.749014
18.443288
66.435625
64.285063
17.732365
69.879416
65.084992
35.350725
32.368144
40.945918
75.220871
71.730656
94.603265
89.192059
96.977905
39.847317
31.177497
66.766683
38.494720
69.354504
55.497725
82.746048
52.921587
49.484990
89.558209
41.221065
72.524351
78.792498
31.280330
73.684158
21.845020
85.029344
92.127446
88.280645
49.314408
9.859811
58.160061
14.399400
45.210536
90.528205
55.345317
20.431406
62.258861
49.948582
9.623466
59.236766
89.795899
40.800963
26.003449
28.290618
10.155467
81.501174
11.036666
63.077054
30.986164
0.594875
4.298119
3.510516
79.387373
35.578449
77.194673
1.232393
20.607793
69.322119
89.513038
69.922201
79.181930
47.673099
84.321601
24.392466
38.201304
39.666918
44.823872
0.460165
89.615500
54.447338
59.696931
79.411399
95.248301
85.700380
7.702017
5.403768
67.201554
18.738684
68.480822
98.187719
19.333558
72.778941
1.698234
98.720931
8.357390
78.892908
99.953325
28.965183
48.215026
89.466363
98.887384
27.396956
37.139462
83.208985
51.789422
75.340767
22.875903
96.613294
75.800932
12.491403
51.060631
35.497863
91.902802
46.308932
21.198243
99.604820
51.712700
88.399797
18.343503
20.193522
86.587515
37.677061
92.972463
88.285750
36.397993
1.329853
67.178657
36.351317
30.295036
15.393684
25.817681
29.182420
42.790640
62.957143
12.391405
94.580061
38.297910
35.267307
91.193355
14.098842
47.758711
42.253986
49.596705
39.661513
88.562918
70.794948
39.266332
40.275618
59.194744
57.609836
60.469139
45.782260
95.286897
53.441602
34.068009
31.684890
54.771455
1.246666
68.036207
85.066491
16.640350
93.853888
14.248911
59.430989
56.811031
26.640316
54.011051
95.108941
61.907623
45.204405
9.207782
9.666334
87.458391
58.804487
49.327846
76.021309
29.599435
88.594179
16.296926
88.794179
46.204014
76.766066
34.576439
41.490911
30.207668
68.644448
73.175801
84.979123
69.891115
41.212008
70.045614
86.531464
35.065896
84.294525
45.962454
91.876926
10.934840
99.973504
86.985867
72.842463
45.177910
96.193649
82.508797
32.636301
54.998137
31.836643
8.657610
84.597571
20.430822
24.954536
73.391750
66.634836
1.720602
7.968189
8.125748
31.928270
76.612637
81.301548
16.907393
46.503752
22.513556
86.953007
33.035216
57.579452
71.247532
78.997670
49.456378
82.182372
78.971175
36.442245
55.024836
24.149084
32.635894
37.533633
56.785385
87.634031
69.370276
65.442995
72.231602
89.801098
90.397531
45.623352
56.435935
92.118133
53.591542
64.561682
24.046403
30.204179
45.863231
40.953796
76.707931
68.376787
27.906803
9.743147
25.956239
99.154335
88.740817
75.412617
81.336707
67.711992
11.854862
36.361543
91.861076
44.490756
73.895176
48.646461
32.124787
43.265452
14.089456
4.356389
33.066550
4.486986
49.979741
89.502485
96.605119
3.571283
54.064167
20.651522
33.775462
99.927398
61.605317
10.483393
68.304184
89.512120
20.226540
94.260423
88.666455
8.967357
69.673040
70.003162
76.679349
81.527902
6.364705
68.540425
26.018657
80.259881
17.186886
58.143444
23.525332
31.276341
62.499833
56.591883
35.763328
12.479574
46.094367
32.368447
16.050857
0.158535
53.019968
49.826318
0.085932
14.625286
60.309711
68.390117
4.137406
80.536252
62.650540
92.803860
89.503609
32.323580
62.807022
66.182958
13.851481
69.171727
34.723383
39.870139
49.431607
51.910269
98.013583
72.956940
83.186610
60.513415
29.548823
18.949938
72.992989
75.643190
51.318385
89.043846
75.801725
4.338353
38.870164
75.887657
18.963639
99.179876
44.277773
23.101045
79.716127
6.928313
15.904905
69.219736
39.251893
78.711927
35.402694
53.103374
47.883654
70.126077
92.973513
97.315261
22.036345
90.987096
70.272201
5.222956
51.500511
99.821024
24.172894
24.493500
75.464214
75.491279
13.537346
51.265938
79.829632
52.407510
27.153595
98.793271
51.587386
71.431368
21.894316
31.303513
78.359681
37.799221
0.523248
17.611574
16.511147
35.925942
70.714948
64.394801
6.052019
63.688462
61.710063
28.088364
54.675557
31.982264
33.311320
6.176069
31.803288
57.484214
30.669569
7.267501
32.975493
44.206915
58.533440
12.805125
96.614426
85.687035
11.598396
48.201811
57.118403
33.492712
79.505324
35.478084
71.291932
80.028572
53.089659
87.803080
15.954514
23.804607
52.197881
22.006533
87.493068
13.907944
50.094897
42.168626
45.890208
83.406217
48.344695
77.693495
40.890430
79.014264
84.960997
73.865923
23.221179
43.494436
86.671047
19.835605
29.181471
98.269443
68.037416
86.299874
31.762155
47.542740
21.777958
3.054087
27.571312
74.867617
90.857167
43.525826
98.672224
43.055048
65.532359
86.165292
56.962991
15.627256
28.333918
2.853199
99.033473
76.678613
80.546694
39.923903
55.692877
65.507691
13.789826
78.914056
9.002127
0.460873
98.749661
38.183598
98.730317
66.787077
24.483472
30.492471
14.329817
46.261431
33.546558
41.901129
21.129048
24.403725
85.426956
19.801271
67.458773
50.959315
5.966564
24.421764
66.586571
34.300482
27.274963
65.620044
10.979095
7.821657
5.543947
66.671971
73.329348
19.333773
45.586027
82.331475
19.794646
44.335688
20.515073
18.524962
11.122765
44.998546
49.017434
25.452582
91.259977
82.563992
67.353711
12.389024
6.967717
52.780666
32.190296
74.426490
3.739981
38.156859
98.848254
70.326552
72.457341
26.123217
35.946596
83.436436
33.944874
41.490543
50.108407
7.274222
60.824316
95.694434
89.605697
80.618962
40.030123
10.120770
99.143924
51.152888
55.119316
48.161358
76.605470
46.379293
30.725350
43.959181
58.768317
37.693068
96.739847
90.958612
12.119558
0.479828
29.115471
10.967812
70.806381
1.572812
37.091029
6.752977
85.009248
71.035903
48.243520
35.117655
78.310124
9.067836
30.812089
67.915821
89.686798
70.842212
78.036591
88.830722
21.995100
33.155907
36.992080
98.600570
79.535200
67.717430
42.559750
38.303517
5.410498
39.299597
29.262129
17.530055
39.779425
58.377600
28.497867
10.585806
59.950413
65.588896
17.338783
44.959661
36.624799
65.582303
80.077316
14.934923
74.650139
10.889405
82.850744
64.336937
81.731617
60.887335
53.167659
3.726717
94.043242
90.159739
2.327286
73.578442
57.877169
44.887037
11.881959
63.287667
84.186634
41.144088
80.817722
23.966059
99.521688
9.315590
34.551865
59.472101
74.904486
51.890648
4.431761
11.529284
17.472951
84.509077
26.464207
92.123091
95.398482
9.314951
56.460028
77.130099
70.202286
9.627687
80.856816
64.245528
99.787426
83.184102
37.823971
57.664596
28.071139
49.705930
20.952263
12.257772
90.850017
1.769985
36.223831
90.371705
11.085575
70.775696
49.843806
85.990060
22.666344
54.275567
97.519345
40.139296
38.784643
23.983551
32.262387
34.183125
33.298502
88.722415
11.313224
3.500788
98.350102
92.170039
67.746316
98.137528
75.354142
5.570287
55.802124
3.425280
55.276216
76.754387
15.683053
46.126234
78.524372
51.906884
36.497939
89.609947
22.682580
86.341745
75.600007
45.348925
40.617312
73.119352
85.488221
79.401955
97.102903
17.750607
13.585080
30.401405
6.473022
24.898303
33.902193
4.823124
17.068343
1.648510
2.960652
92.422485
7.218796
58.762776
95.847765
62.495013
35.517163
11.530818
8.621247
14.041535
63.437702
45.119186
3.651481
86.120282
31.460931
79.251488
31.469207
72.078242
52.370840
16.957428
51.480197
49.473743
34.708035
65.065277
79.875148
41.181057
89.963580
13.777342
46.004181
7.031923
15.425851
48.964833
99.454408
22.644648
7.727610
95.302173
85.139661
43.244773
6.832991
93.760907
57.286308
70.270693
38.880093
60.937789
56.390975
70.341024
40.189278
87.860182
42.419266
92.560118
4.817609
93.899463
42.033861
39.525644
58.964739
21.909009
80.706701
48.928320
35.686351
26.710882
55.960243
51.112202
75.675715
55.414651
73.756849
83.403325
50.716824
58.896510
26.648098
57.549814
52.657417
83.934406
27.820507
91.537510
44.872195
84.211482
61.878534
85.061473
72.071663
4.297799
77.621590
76.889273
98.197262
19.655451
16.414917
57.162001
41.564460
97.121618
6.090321
77.250811
23.832500
62.050564
28.363012
99.508215
17.465214
2.119861
82.911540
68.182038
61.016371
9.559638
25.731852
13.673788
93.494043
53.552359
5.211299
38.366238
37.763840
67.089832
23.427710
9.835503
71.387632
1.049301
86.724776
69.584894
20.704752
3.139693
26.746895
62.269212
0.261310
32.837216
39.520022
24.093810
94.887779
67.883034
23.602025
12.352994
70.002896
6.513565
80.535031
31.019267
16.073202
6.266883
44.693055
9.567245
59.819242
49.904354
47.933483
97.583082
16.994186
71.361194
7.418585
88.381818
72.410494
94.143361
57.966712
93.115246
97.283053
84.713607
55.384458
97.544364
17.550823
94.904480
21.638174
12.438602
62.787514
45.240199
24.791596
32.790410
51.753764
5.326627
63.809677
67.826966
11.593510
8.502732
77.394211
71.412752
58.407086
25.327695
68.995833
75.401272
96.688888
76.414418
63.783090
69.099383
70.557779
21.749802
62.214629
67.840832
6.463409
17.599087
65.385196
24.014232
12.503566
87.023370
36.452834
75.291080
32.263569
61.244430
8.081490
84.017332
66.571057
71.891167
51.844298
78.164567
80.393898
29.238509
49.577319
38.800984
54.566204
18.573152
14.202256
51.255092
94.987570
77.985347
20.354475
65.545349
99.735149
82.569104
33.386182
6.198558
0.168190
98.771378
30.212790
12.671757
85.794748
66.665624
87.962837
18.058317
27.910055
96.044327
2.075649
94.481112
67.935494
53.919947
72.645679
48.329392
83.158456
22.222998
87.130376
37.724660
40.796151
1.332632
88.979752
35.783721
79.317979
9.334227
1.329070
79.053128
91.903331
34.715252
85.251686
92.071521
33.486630
15.464476
4.743278
19.281378
82.130100
92.706115
37.339695
10.040155
88.750442
39.415344
4.521267
56.685935
93.335291
77.166946
5.015327
76.493747
99.389945
92.145704
14.218407
40.186095
93.478336
3.198160
75.969816
72.796315
12.532387
77.298887
51.849443
4.435717
12.014139
37.101128
96.507239
45.500769
52.565604
1.250516
64.782147
34.695704
93.956631
2.121841
44.735859
82.707073
41.537185
49.257126
39.393008
34.872476
26.424072
44.408336
11.366223
25.814017
36.554039
25.584630
66.000112
30.032375
28.782790
41.969929
2.828690
41.315177
19.268815
54.678133
45.750894
31.282954
91.779261
42.258133
76.783723
44.344865
43.508649
41.565870
79.040569
37.465280
43.687711
23.776428
20.172352
85.224896
73.033555
59.565360
20.097372
99.457627
3.973696
31.463595
25.271644
40.527735
57.048225
91.271756
70.560110
85.831015
33.241685
73.388800
27.146192
52.510500
28.066933
72.897086
83.793454
19.846194
15.155218
60.577177
64.191059
58.663867
2.143047
43.231628
96.129147
45.830758
67.008056
16.301499
31.055654
40.041610
75.866859
51.153026
39.499237
79.840555
82.616621
64.770881
20.368290
39.664846
56.042638
90.928400
25.495861
89.284323
64.317201
52.642053
41.794823
92.384134
25.539139
25.588278
12.230327
40.694357
86.165455
76.421386
99.358224
88.308502
19.653013
95.487371
34.139259
86.661069
11.788870
65.194913
26.702680
87.655729
16.347939
66.201917
67.496284
98.964560
30.972799
87.864574
38.629405
87.015436
78.792974
64.125266
76.299759
43.110175
16.767319
18.094583
35.494309
42.306458
43.682860
47.724636
83.000815
29.848315
24.146022
82.359039
18.156817
43.799035
77.846410
52.296076
30.460104
89.635279
17.490989
57.162784
77.291008
33.838928
23.364701
44.787292
32.803488
54.337500
32.651866
71.432893
41.352936
11.444840
35.558159
17.652696
54.555015
52.325478
35.747278
90.049324
94.631936
79.430138
37.773960
77.632751
9.278453
61.919981
59.991789
27.435270
5.719016
37.838199
79.731346
36.179121
27.473478
97.222335
93.341905
4.764486
31.061263
16.706606
49.551778
63.864751
71.044106
82.203644
35.297644
12.397043
93.648484
70.855803
30.049738
48.203499
23.181282
65.797017
38.252823
17.813218
45.227155
76.026783
95.445968
54.505608
37.946764
55.437758
81.940878
43.665781
93.275957
61.672223
79.844902
20.749435
58.894558
73.186807
25.513921
89.955822
89.893414
75.065700
