28
87
96
6
50
78
61
79
76
57
71
28
43
42
9
15
22
71
14
26
93
19
60
32
51
60
44
48
87
46
70
15
85
66
21
36
97
83
67
73
92
39
53
87
33
63
2
55
34
69
33
79
88
46
63
92
58
8
40
45
54
10
61
40
77
34
28
74
69
95
99
61
86
52
0
71
67
3
78
54
72
64
33
12
10
97
4
20
5
97
66
11
7
79
3
36
13
83
62
83
31
61
96
69
66
97
41
33
52
71
87
76
35
21
40
97
18
97
18
75
94
36
38
1
15
94
90
80
29
52
63
60
66
12
30
32
9
23
65
13
46
53
89
34
26
81
31
44
78
1
71
72
89
61
26
4
7
16
37
37
20
52
49
86
64
31
18
25
6
84
38
53
89
79
87
15
61
70
11
91
24
34
16
13
95
42
70
55
10
7
92
30
11
93
69
76
25
87
1
31
23
92
84
64
23
23
79
36
46
90
28
22
76
44
35
24
38
57
79
48
16
23
30
28
16
99
56
41
39
57
25
14
1
9
79
77
85
10
13
83
53
93
5
29
89
92
53
79
50
32
79
18
7
10
46
24
61
2
17
52
12
42
67
65
4
98
42
41
8
8
24
61
53
29
43
43
73
96
22
23
81
2
42
88
64
40
64
77
43
34
30
7
28
49
72
32
47
67
25
7
75
49
21
80
30
64
23
4
60
98
79
93
52
21
34
68
14
50
45
57
84
27
16
13
76
88
97
75
7
23
35
34
24
56
15
55
20
90
11
32
88
90
78
92
64
12
12
30
14
58
39
99
37
55
64
14
95
13
41
3
36
76
37
61
84
52
68
4
43
31
89
83
73
67
28
89
31
40
19
45
50
58
96
88
13
12
54
61
26
95
64
62
24
1
75
8
6
95
65
49
78
54
84
52
73
12
93
4
53
13
1
55
23
98
43
89
10
97
50
36
45
14
51
21
15
78
29
73
26
46
22
4
0
7
8
25
71
2
81
76
67
83
32
90
33
27
79
43
77
29
32
22
95
35
43
63
65
24
36
43
71
59
0
23
18
8
49
41
62
82
18
81
65
2
72
98
29
3
94
58
85
78
80
80
65
75
95
30
52
32
26
23
43
26
98
13
86
99
54
49
82
24
30
99
78
54
98
60
10
44
18
95
74
51
27
39
26
23
21
78
7
47
53
50
73
52
63
12
3
69
13
85
46
43
85
24
50
35
84
60
31
55
7
5
6
86
96
84
61
17
63
68
17
68
18
42
72
33
54
76
3
67
61
49
63
98
25
65
85
10
77
16
65
84
73
23
22
69
7
84
39
22
52
56
91
23
98
63
56
53
91
59
72
53
60
35
3
86
0
89
48
77
57
65
13
31
88
36
52
47
72
91
70
24
47
61
47
98
76
4
3
68
15
75
73
28
63
76
14
15
17
14
45
75
79
58
58
19
46
10
66
70
2
36
95
1
49
94
99
26
50
2
94
18
30
19
46
93
47
12
60
65
26
5
92
57
16
50
76
62
12
42
33
66
31
80
68
80
26
19
6
77
74
52
95
4
71
93
49
19
5
9
36
31
15
80
40
31
82
16
45
94
10
30
61
41
62
81
22
89
0
80
18
26
85
65
30
8
58
31
79
63
93
15
46
60
95
86
43
77
54
88
24
64
71
37
58
85
18
32
26
70
12
44
97
49
9
79
58
67
63
37
82
56
53
80
16
0
18
59
30
72
99
54
89
22
43
47
8
61
31
34
83
95
31
32
45
40
64
3
60
27
40
94
35
45
75
3
46
93
62
28
18
13
34
7
36
77
6
96
90
37
82
73
32
13
58
77
6
22
32
18
1
73
12
36
70
39
39
68
33
53
96
3
66
30
10
54
7
68
2
97
57
37
23
41
2
81
19
60
55
3
78
56
76
43
44
99
82
35
67
67
88
64
70
6
46
32
13
54
52
67
3
9
4
78
51
7
59
22
67
66
25
98
22
54
41
18
53
75
53
20
43
41
36
65
0
83
50
65
89
2
32
44
64
37
23
67
44
34
41
63
1
18
61
23
72
54
94
77
30
47
50
25
41
38
90
41
73
40
6
62
95
90
59
59
27
82
78
23
16
19
87
69
37
0
45
62
55
39
39
85
86
41
10
27
80
52
20
53
45
78
68
40
69
27
51
96
61
81
72
29
0
11
99
37
11
44
99
18
83
91
55
69
84
65
49
16
70
69
70
15
0
90
7
69
69
10
17
30
43
89
59
43
0
10
32
12
54
32
