49.182186
78.836376
58.743436
75.953463
67.556954
24.225722
29.967804
60.634560
41.786808
68.815780
46.827121
48.395273
53.402986
23.880877
32.731905
68.924458
45.055071
8.253492
18.465789
84.821285
30.605365
47.800570
44.632221
71.438063
62.348864
52.770434
55.066497
53.288020
19.522118
51.817557
30.129425
39.500280
36.263971
41.089465
61.800495
43.337377
33.532636
26.636743
101.906782
55.624430
73.626396
16.631831
84.907130
36.599138
91.916202
33.083784
56.073371
52.494392
62.967258
54.261638
34.281791
60.938026
55.824264
20.732141
24.263948
39.379287
67.974537
46.224060
54.736853
39.136109
56.499834
28.500570
91.568364
56.277027
38.176603
60.762415
72.387822
14.867403
89.099165
50.277746
76.196404
39.292402
36.518014
52.501654
80.864217
32.145204
46.429671
29.449232
23.223535
22.553468
55.953106
44.804872
10.717236
69.426948
72.753787
81.640693
70.092337
43.459364
19.060715
72.544317
63.034916
-6.283485
48.795086
45.815351
13.927449
48.759572
33.746418
58.758565
50.757473
58.368714
60.574211
35.618836
31.871443
69.434013
44.635682
88.773808
40.229947
52.042869
68.879835
10.009815
46.410569
67.789332
32.843212
22.821809
67.334198
29.711776
24.398937
55.568441
65.347564
41.337194
28.268599
12.416751
53.603587
69.549953
49.515911
25.153672
41.686321
25.157870
74.651119
66.857284
35.574113
40.381671
75.135796
43.593586
4.573826
51.594111
9.476403
83.633853
49.984590
41.547952
61.111514
37.880453
31.631782
18.799476
37.018897
68.077092
60.195510
51.185575
29.474125
37.989467
21.747504
79.461999
6.735353
34.903298
42.728330
38.664218
37.501801
43.667428
68.081057
64.941453
55.949291
45.433076
54.046440
66.475208
33.168402
84.016289
43.188540
75.435910
24.446243
41.463099
61.856423
10.140574
58.939192
56.536987
29.569811
54.798305
61.510532
82.259182
44.321434
55.434530
40.963688
79.947568
44.736487
60.886984
87.509819
34.483464
60.164950
26.241727
47.450370
38.262696
56.048134
55.889930
82.379943
49.291757
56.688133
39.045309
66.506631
36.896957
55.026563
33.661466
65.888049
44.644384
27.413032
65.099134
81.694683
64.144365
85.775970
60.403829
49.423732
86.151664
94.774776
60.677787
23.752874
52.016243
26.734526
29.673621
44.907381
37.480356
21.684011
54.454703
41.555863
44.633792
39.455329
73.407280
82.899275
47.793381
28.754302
56.822097
39.614595
71.610089
3.421290
58.708516
81.490795
30.545184
41.513373
42.618734
7.598961
87.514684
60.828858
57.499767
26.715061
50.636622
73.031516
40.600539
79.711124
58.783480
43.379407
42.420774
67.328454
6.436321
70.302687
70.257638
49.513288
62.164895
30.936878
36.768848
56.082444
-2.629037
70.426276
69.093610
74.480288
43.369158
49.451971
51.128697
27.266150
21.400923
43.558738
70.105223
61.056657
58.207428
55.550846
57.199888
95.522537
27.305113
46.515425
16.251107
22.686443
38.938590
15.324482
26.458018
24.369622
50.389516
31.295392
57.591911
10.717905
45.411686
49.268730
23.116927
59.428373
60.539641
36.489834
90.828634
59.704629
42.367491
36.465657
48.342373
24.125088
35.967488
59.126333
100.932341
62.583420
13.841107
30.914387
65.672050
67.143507
51.823266
50.092394
79.405896
49.946546
52.337738
54.762742
53.577521
54.956657
2.074179
81.848096
53.453502
60.446570
58.596309
61.304846
72.451477
21.841581
60.931007
87.499173
39.650641
7.723047
51.962938
51.335220
40.864225
25.857065
28.690635
35.791345
46.362205
50.243286
14.751627
52.867758
64.721408
74.627386
77.840246
51.363933
88.573030
51.285795
35.111873
44.897786
97.507179
72.452196
49.628189
52.772749
32.272437
29.508828
43.800206
53.049641
52.264908
44.951844
68.666377
29.325285
85.950138
81.185362
68.002114
33.642060
56.574931
48.569002
62.736547
89.605415
42.849078
54.491777
57.307532
31.059628
62.286651
42.277470
24.275819
11.320553
33.589636
13.272551
58.501655
64.434682
61.296104
35.525160
26.457305
35.555349
84.606632
40.072664
61.219880
53.747177
31.744547
67.519805
70.696939
56.626804
70.102902
64.187384
41.958091
43.395779
74.714675
76.648941
86.805327
32.634488
68.679606
58.701749
66.169304
51.890678
21.570329
63.005380
44.618583
55.015248
47.532609
99.539763
41.803223
67.570723
61.604114
35.892009
52.642192
42.657097
71.677621
38.318776
73.407729
46.731229
48.565761
0.788100
31.549467
51.430341
44.986503
37.649723
38.326343
61.577962
15.197930
63.089249
41.558161
48.797157
36.765428
14.168654
29.027362
88.888411
49.740826
66.886264
23.764032
22.208013
51.036006
61.991739
30.958828
47.211785
17.956179
33.310732
56.034799
71.436128
71.843035
67.552465
16.877838
83.857875
41.979090
50.619122
47.232558
12.962316
53.898610
29.080842
54.412980
48.907778
35.387704
71.035413
56.651470
59.205575
53.655579
53.291579
22.256004
38.746762
67.589631
69.285686
22.938337
64.481219
80.741706
55.598981
57.905789
84.837108
69.328522
38.328688
51.770416
61.520227
59.384409
14.108493
8.616675
60.531797
22.441208
59.445677
59.917323
38.816505
37.032304
58.423189
34.346567
74.268061
32.786044
54.353467
37.464772
29.170344
78.871531
68.328776
86.585153
39.391906
91.206652
28.029011
73.109051
68.163672
21.254495
59.095062
32.841296
30.652045
28.235966
66.243458
28.198654
44.164388
41.651221
9.857429
95.004228
54.740974
106.048978
23.691476
29.003209
66.595551
47.695896
71.564149
51.380692
44.178121
76.637276
50.890129
58.802228
54.897491
10.926278
59.184694
47.298772
62.364606
56.782701
47.671651
36.570901
74.160183
65.135721
79.877851
83.965742
55.219041
51.418764
35.668579
-3.100470
71.631623
13.534222
59.450087
73.240154
83.135259
4.220399
42.190555
74.005609
67.955992
77.262532
65.094723
58.467522
19.021873
56.351210
60.042860
75.412678
24.841622
39.858961
41.402566
29.547164
51.252056
33.102326
49.038210
44.534606
48.922655
61.056197
47.339142
32.466014
1.432459
6.705564
34.606393
68.724047
77.149536
56.763483
66.800113
62.797005
45.081276
55.785653
94.897887
29.124720
36.099782
20.119204
21.089604
48.153184
68.551327
33.194189
63.596044
39.449172
27.425687
81.683438
31.742897
59.873188
47.710629
69.692701
48.856530
56.602773
9.914698
29.367899
54.899520
68.150432
76.495308
14.388997
59.846114
29.149625
19.319656
87.331529
49.698338
20.833363
34.956104
26.107040
52.781452
26.215365
52.345797
72.469373
49.871923
71.301807
38.440963
52.872533
78.854510
61.866887
65.861625
51.021239
30.854619
46.859989
62.036432
61.431678
64.083751
70.667249
26.511330
54.026603
73.933709
72.801635
68.511807
44.629237
50.386841
51.808625
81.571305
37.438561
30.352972
49.491803
50.456315
83.986156
88.560294
48.795441
73.070864
50.934494
56.330919
52.214176
28.815692
44.521741
46.531332
24.966395
68.121027
65.038938
37.799560
66.836193
34.301409
37.409538
83.228083
33.355893
24.911347
45.907351
41.024724
85.132296
54.623361
75.732631
35.925610
62.190232
67.586433
27.389046
58.158622
74.789039
82.991470
53.773315
62.770851
26.406621
29.341972
60.906962
32.085356
50.866717
63.309707
9.727249
76.373123
40.317712
48.702546
22.320876
39.256913
26.157749
60.137857
47.463887
59.225435
60.820655
49.193510
61.182992
41.945711
64.861387
51.109789
-2.233743
38.784150
49.590614
37.091288
60.273417
51.803325
81.309157
39.008104
68.777886
49.070485
54.919843
67.876968
31.980050
43.231996
15.703837
61.167632
55.639845
53.185313
29.857531
58.971703
79.782226
49.432068
37.921755
78.645971
72.026898
48.891568
68.549219
26.573718
77.933835
24.712705
53.071177
51.449642
36.994352
40.773865
49.355555
32.848324
20.308606
45.945709
87.861000
46.592741
38.991103
65.729428
52.445455
45.923455
51.492535
42.800459
38.256096
77.665926
12.812894
50.762016
14.558610
67.301580
62.075958
47.548256
22.297939
23.874392
43.529805
30.995756
11.199267
55.482336
55.915872
62.738157
51.622314
24.727277
95.541158
61.554162
56.486385
47.139380
59.603864
4.554366
26.684128
47.052533
28.058559
35.327586
42.899171
60.536343
15.717314
58.927512
28.761656
40.640360
46.600596
61.724646
70.650942
45.750564
70.204304
52.317392
58.254269
73.804324
20.208776
49.629720
81.229078
51.674631
65.799838
26.542537
64.421197
71.102744
38.177469
33.201814
49.823582
-4.952048
77.189913
40.160500
64.314609
75.832967
75.941679
16.170609
62.503817
63.513119
100.849327
26.806680
93.666269
24.731784
43.800374
86.122330
64.220791
31.973966
59.648358
25.378831
75.576767
79.550720
77.120805
70.744975
66.830549
55.601536
56.114766
61.681151
79.968269
81.657131
52.798960
25.351257
84.511953
76.783842
55.554627
36.421518
46.165713
33.713584
55.388877
68.035200
52.904185
63.478066
45.633351
75.448326
43.163162
19.473586
75.022583
60.495403
54.184932
81.770638
22.971124
71.310451
59.243596
42.560079
14.901748
54.804179
41.853990
49.600878
55.048385
29.488629
53.102611
38.330728
57.702457
36.594941
97.974894
92.941604
32.505846
39.404246
65.378635
33.822648
53.224526
21.099124
54.959499
51.781892
71.225733
52.030992
60.927746
35.549966
59.800092
50.881242
49.102783
36.177514
30.358343
92.288657
34.910586
71.492767
30.705245
87.537982
15.542071
62.234995
43.716811
67.618980
67.843446
26.226236
30.466116
-8.924188
24.481121
77.492926
66.624776
40.018285
10.970549
49.294737
65.633120
51.080187
16.154581
1.984335
59.946373
37.614120
27.164931
63.829092
25.275533
31.510107
55.326332
6.545571
46.398304
34.745518
59.699574
45.236147
34.662063
56.010014
44.756201
27.853780
73.128813
21.761361
74.862305
65.242515
61.783864
47.163181
68.793817
49.498420
23.331593
50.429550
43.799128
71.529518
45.570012
53.108460
57.188754
70.716938
17.981320
89.715688
47.071555
66.393374
48.032631
34.969862
41.142865
51.055121
44.071784
59.219748
45.034645
53.412661
28.585743
79.061740
67.906986
64.196790
61.056651
69.900006
52.141009
27.462632
65.158483
11.822256
38.243091
22.413629
47.424252
67.828106
75.355016
54.267545
53.594574
17.878168
77.555628
16.686206
25.762213
61.297565
79.205874
26.588243
51.718841
14.417108
67.939906
59.157699
58.682590
87.297217
62.934329
45.648267
66.811932
40.060307
77.676032
43.421778
56.513160
32.165260
39.505179
49.897151
77.691869
47.864740
49.235139
20.163457
56.517628
57.086692
54.516171
79.181206
63.625002
66.121188
-1.608198
35.154166
63.856938
81.513509
37.988409
23.798783
25.670869
84.350089
73.662413
81.248452
67.542931
53.645358
-8.809962
56.081428
15.855406
96.358036
50.135163
58.253301
14.665923
63.973377
87.710114
64.271384
57.788578
84.457906
55.678015
54.170060
26.256480
27.506479
35.022864
63.366489
77.065904
99.426650
51.927747
53.365767
53.316625
53.842355
69.861925
28.288275
68.469970
50.984585
55.442791
73.968441
32.745571
45.079598
73.757065
43.847684
75.223062
22.708753
13.544178
31.777429
50.456038
54.763157
41.933919
36.304043
68.100335
27.208655
31.835444
54.091004
65.429654
40.223948
51.008585
73.591255
31.809132
53.269913
61.295090
17.581274
46.557762
41.399968
71.237253
59.669047
45.605722
40.135933
60.241525
48.615194
40.506677
47.782834
47.748415
28.237681
32.503215
52.953070
54.265007
51.109262
65.361007
67.468758
39.982608
98.734852
48.525591
33.211150
31.505932
62.311680
47.975021
40.005997
38.309982
49.018588
40.153157
42.066565
52.212852
16.323107
49.871167
56.536713
39.036249
57.278068
52.607733
62.756754
79.599742
49.887249
56.674943
72.578213
52.507206
50.248941
55.770395
54.136318
65.988538
45.550855
58.199220
18.577612
78.170264
69.482932
68.443093
37.848558
20.349918
21.292009
60.711913
89.092825
64.743054
53.870328
36.283583
62.375350
60.043728
1.364342
95.697978
55.936059
56.257167
52.911211
28.389133
49.018267
39.942550
45.195729
41.420368
32.463454
32.546615
67.925902
26.387144
34.135822
98.912302
65.686996
41.696448
43.884555
72.594301
81.036357
10.372489
33.308697
26.577919
31.123255
30.269832
-9.488447
92.663311
59.091896
54.946997
65.749441
62.707768
77.945174
35.696404
31.921832
60.246559
58.223568
57.114850
65.651582
80.107788
89.259440
87.832330
34.312419
74.440785
58.923849
87.535034
46.106171
67.457134
74.393835
12.080770
69.484512
100.313201
56.635025
60.708792
51.475764
45.527627
60.428815
99.625195
72.801986
33.869078
74.424532
19.418047
32.931755
42.867206
55.143050
42.463471
62.575200
54.231394
54.493811
24.791048
78.047919
42.939822
52.135712
40.083135
76.926729
55.051395
62.428312
19.023571
70.759219
42.506053
56.696130
51.723315
11.281060
65.027534
23.362770
48.558930
69.162573
38.932367
45.368037
53.406251
68.558548
50.489241
94.369848
43.251336
37.850607
49.784587
17.499202
60.622433
58.033486
7.033952
37.562170
51.900758
39.244047
54.281745
33.961617
57.621094
22.529723
26.828022
9.818165
57.774477
34.858725
59.208518
54.691650
44.851488
44.050653
46.985384
33.948286
63.420851
40.479383
50.227973
37.619322
66.741424
28.946318
37.657401
45.833028
28.174356
27.104621
55.411015
61.543817
28.750904
80.278413
52.374566
67.784647
20.344606
20.166341
71.410623
34.809397
61.318905
11.298249
13.491376
60.834600
32.940506
45.273686
39.871269
37.695051
37.333262
28.953334
9.805960
2.377911
58.134360
44.221185
28.126907
44.066504
37.693130
73.866378
79.368511
44.185552
10.867149
4.874890
79.220151
62.950962
57.057824
22.827768
25.475269
84.105092
53.571192
34.406242
45.204049
55.797365
57.110448
44.651084
70.265561
45.102647
47.720532
62.788823
84.204694
45.765684
7.368734
67.645138
54.202601
77.349252
37.146294
38.161245
64.912184
43.939673
53.571645
39.360069
75.938540
28.948574
57.268868
74.244676
77.484934
51.780953
20.230955
46.021264
75.202767
39.154699
46.487054
56.261065
21.553762
50.300993
44.734785
31.747439
29.635328
72.679445
33.855384
31.895841
22.960129
25.101124
52.348356
33.412202
38.144411
82.751751
57.864534
43.599774
43.631638
46.235338
59.475569
34.990082
60.654286
59.711660
22.919506
65.171451
68.493590
58.357338
44.584845
60.146599
60.068415
77.877014
84.011571
53.991013
46.264474
82.005052
77.336816
40.438005
34.601655
81.074760
33.620581
50.397972
55.171049
59.466314
40.964295
30.910869
73.533564
41.995588
48.146174
42.341611
67.071845
49.642268
24.855412
9.186536
72.794221
39.106977
37.108708
53.157353
46.295102
67.696381
48.769876
96.938778
49.676708
72.812037
58.933494
50.095957
84.225732
54.563879
58.531337
68.556657
64.306648
67.301454
68.110653
71.157754
38.408100
78.996108
67.694385
67.693007
74.547965
100.898178
54.132797
58.297673
59.141452
26.940123
34.714625
27.491212
82.316305
76.543533
52.668540
65.532289
27.140706
36.323506
52.645632
60.113915
75.840448
34.754657
20.446175
69.644266
63.226587
58.313288
51.360500
39.855223
37.414583
71.037435
41.874110
57.981082
74.238805
85.399219
38.844248
75.002534
18.843340
59.579805
53.725175
78.255033
64.876585
65.547617
25.635334
55.114790
2.227089
58.210210
39.619511
36.114155
39.590095
76.655811
90.930741
58.998550
32.836864
53.509983
89.558927
48.757362
73.531700
50.256187
66.316418
59.304402
24.680643
20.125356
69.070882
79.420275
27.380053
48.025147
39.277296
97.899388
58.465544
66.771948
59.057154
65.710455
51.575364
53.897645
35.045440
90.886384
55.198914
36.325741
91.583279
76.750928
62.241399
31.504944
49.904446
39.187763
46.419796
82.071579
42.296251
49.872114
68.090825
59.943232
68.903331
21.258701
42.766203
37.622938
60.200092
29.606077
61.381713
50.479448
55.530078
67.970219
84.888376
53.632969
59.843413
84.456003
22.789969
30.893474
55.323510
57.345466
57.455648
33.106520
87.086707
27.367842
46.176664
62.715142
48.851533
73.835826
29.137310
72.924340
28.835819
55.715519
32.149212
69.908878
58.971403
44.851985
56.642025
75.270255
60.146091
56.027818
50.589459
57.716900
25.203128
59.830296
12.761522
28.650537
37.851339
39.315977
92.481883
72.267350
72.522902
27.378659
56.657863
75.897259
39.860684
68.257139
58.777202
62.675209
27.276347
36.186175
68.716760
43.802228
77.252536
84.935287
21.661235
69.361214
41.601901
40.642763
47.767618
19.323118
72.330209
56.169357
33.124576
47.741051
42.573338
44.829429
42.457314
80.737545
44.703813
41.243874
66.404836
53.305748
64.447406
53.826878
65.013403
61.104912
47.822285
12.126914
97.434154
40.295388
30.588528
47.600854
58.388546
58.925536
70.040922
32.833237
36.353455
49.202300
20.878668
72.917558
89.278110
12.923925
32.235483
51.422081
100.645422
8.024490
62.032625
27.975320
33.439083
50.217244
29.372779
58.128607
66.623404
62.884141
45.194705
78.042501
55.733518
36.887349
61.941329
56.123512
60.755480
56.013532
32.613090
1.499715
62.540137
37.651651
92.024253
74.675117
31.018384
47.943355
54.983016
72.635100
35.046360
64.564788
21.010134
37.637900
5.574440
43.571715
88.164241
59.987642
43.652405
56.634474
54.338993
55.654168
103.317863
101.389448
45.086105
58.974285
31.336458
47.102687
45.815491
10.562746
61.791454
80.905714
76.300478
82.455530
19.790091
57.701238
32.154367
66.201037
52.630594
62.798775
29.756726
18.124923
82.111902
35.846583
18.758228
45.835916
31.191885
42.495071
33.749463
35.366985
59.426761
45.182314
64.868811
72.750350
58.114548
46.502586
58.849503
72.543692
70.483191
82.853663
24.451664
50.145343
53.442873
24.820993
58.190004
58.278549
41.671002
19.769237
39.211615
61.413927
95.248624
81.218946
53.368886
68.380006
67.081690
36.162683
55.688298
75.831932
70.553556
77.429579
57.081844
78.558240
45.564615
59.306526
34.106718
49.412634
64.779322
58.838089
69.520398
67.997167
25.820712
36.470609
75.545084
70.230718
7.556647
57.076914
60.102595
40.136875
52.117714
76.430153
15.091404
59.977478
77.048130
77.519412
37.266510
21.327699
52.542694
68.033324
40.071034
33.943579
53.542699
93.101732
43.993123
66.920319
57.631345
69.205251
45.521853
23.831053
30.839889
67.999464
56.668292
52.894348
69.881490
36.876700
57.134586
39.512611
39.214628
64.044874
80.669386
78.061856
54.098439
49.214037
39.860917
54.131136
48.076516
53.702927
41.194909
36.301172
31.678076
73.866730
40.019590
53.470247
65.208099
26.532731
32.004887
27.226413
59.125606
58.974205
40.141984
34.070732
29.506867
34.102957
91.206703
69.746456
52.419395
77.971934
80.655677
45.740377
22.247893
76.754234
24.299107
50.040555
87.109170
46.918470
37.292188
22.173715
53.966995
30.867053
69.020474
36.928764
21.952267
83.062304
57.304300
43.860801
74.634678
15.466508
32.678326
10.271016
60.642242
30.732332
41.948512
31.806910
91.949634
56.950055
36.704134
44.570145
35.742941
2.392272
75.852766
36.838476
63.612097
64.307711
52.856068
6.558706
39.943868
90.336516
75.377939
50.828538
34.844958
25.690095
46.897358
15.753888
37.127156
17.272479
56.528982
107.378052
25.586788
50.345354
48.900419
40.826317
12.656556
42.460034
83.731039
51.904490
38.967313
22.830154
35.661671
59.819363
62.851104
73.107634
37.690654
32.420909
85.127843
19.945557
108.119802
21.274333
52.275531
67.512987
53.631265
44.061164
67.935156
43.085178
83.216060
56.270426
73.496204
50.813051
58.092388
66.466551
81.630743
37.467566
2.629353
47.272334
54.998151
50.948679
43.147747
26.984919
63.657394
88.305556
59.674310
30.579116
70.563360
38.255914
65.732014
57.906525
73.178070
50.722796
81.291861
71.340267
32.907341
80.049205
68.982864
38.220650
75.918248
20.239332
43.018183
55.960159
43.365552
70.803707
70.835000
27.761717
68.512011
39.246225
51.907159
21.367500
66.853982
20.757817
49.035511
19.001805
55.275054
77.425233
60.016992
31.516371
26.002572
54.898581
62.963018
91.827451
59.422411
70.600027
46.608374
39.260624
55.359475
48.013963
12.070439
49.962306
33.852720
49.806844
68.447624
48.961686
62.287190
76.872141
19.785454
46.279964
46.934679
65.660796
64.451803
57.154740
32.750917
48.920513
73.501406
49.850987
19.515257
37.548847
61.653314
31.913740
66.587428
84.575414
43.329921
76.409195
49.506840
28.926725
51.584425
4.609337
78.152586
54.282144
54.883540
44.960201
60.221212
98.833633
47.492816
56.956865
32.271473
45.186840
61.784795
45.474757
76.204154
57.278196
37.367733
51.442719
14.750852
37.967622
51.510549
18.565084
93.473463
55.422136
37.827273
84.023716
37.598127
15.719751
28.099604
52.495917
50.959493
71.339663
55.375609
57.171377
77.900581
74.431785
59.310943
25.912719
49.591234
57.442697
31.147003
41.440839
19.810571
57.115158
80.860190
79.033128
79.563645
21.894008
48.886325
46.164057
26.521729
75.197256
88.158969
75.198208
48.507616
96.510889
47.695808
53.669913
27.660525
10.363582
39.743557
63.046745
52.108991
28.109388
54.728554
70.442169
27.216040
44.702602
53.426526
60.577495
31.709619
49.049502
45.624898
60.992866
67.746690
60.999554
37.133845
61.915713
52.908724
16.167846
24.534916
78.573708
1.418885
50.476321
30.140067
55.524678
69.908410
81.914025
39.211274
36.698259
73.839997
44.726488
58.623184
32.056169
8.947986
58.721855
109.515034
68.604197
76.522056
25.384954
65.936535
67.185155
44.772802
52.568165
90.543636
68.068748
53.374107
32.356709
18.103337
44.896198
60.580001
53.358727
37.136235
44.847722
73.832063
45.927919
55.607502
34.894617
50.256294
54.203400
43.444630
-3.849065
93.696085
62.769917
76.037837
70.829413
53.339165
66.087342
50.072864
23.643175
30.965274
60.803348
36.522939
67.290701
26.497428
39.437940
73.597487
77.148866
74.025759
62.245393
62.418111
65.994462
52.798477
59.504666
27.335568
75.373300
34.610853
22.393361
38.640021
50.345606
39.824850
66.346128
58.388701
45.764168
8.086092
25.604556
49.277050
51.034370
17.010839
67.878728
60.996664
53.589690
82.403833
24.624654
54.805598
52.219273
28.417305
74.826259
85.954128
44.589259
51.765339
76.395747
33.620248
61.498384
34.433614
53.996380
54.429048
32.809540
65.472464
56.859164
66.814758
40.654497
55.955928
63.023239
69.242852
15.327926
72.477870
54.221490
95.652088
70.739359
52.368178
43.302572
48.717973
36.587141
95.529530
6.317114
26.259895
40.505550
45.096102
41.482413
81.778858
72.670383
30.217930
66.802197
59.354987
12.306941
81.914188
59.430087
48.466887
46.935683
46.089391
65.090487
33.980576
28.597169
48.981000
65.736021
76.657088
32.070931
52.868913
54.758759
48.261880
31.059424
44.618729
24.067912
22.679721
15.752893
51.506311
69.209605
40.021319
44.571154
18.326948
46.465000
57.732748
53.212330
40.397473
18.803648
30.572361
63.022762
48.774415
80.550118
64.282041
85.962623
61.319874
76.220288
75.355783
46.418138
69.425070
56.643108
33.900281
58.701372
44.519204
49.962859
26.654412
58.186824
40.025274
73.869613
23.974740
42.333894
54.995711
81.513136
61.808187
60.104362
74.324483
74.891922
40.655773
50.212432
95.332096
70.388864
49.174001
42.106554
33.269595
53.438586
37.511347
73.522863
36.514969
45.391710
53.800591
50.584398
65.722252
23.530324
44.273471
37.803010
36.554748
33.807924
2.279514
-4.211750
52.765308
54.146294
25.413074
47.960961
84.162889
45.901980
84.346946
68.072223
76.457655
47.731835
22.346383
54.190006
29.299201
73.220927
47.455966
13.061399
95.991702
81.127782
80.905685
36.791976
28.563852
68.830557
57.864006
47.351176
71.603514
31.367003
59.946449
75.328118
34.835444
73.247245
44.908328
24.179309
62.427033
58.760936
43.400566
34.835301
59.891320
64.049585
89.711531
49.454780
37.543994
52.508106
53.653050
30.765408
59.515968
76.651101
29.241658
39.120284
34.634876
43.260379
57.665621
36.425363
43.432169
21.086630
34.570705
42.242906
28.174854
25.412998
30.188543
35.399288
39.196700
101.208921
51.666028
71.739842
31.722354
18.992316
82.388484
24.032253
87.807170
31.201472
66.724593
80.918288
31.350061
11.372818
54.303813
57.392977
60.954137
62.871971
42.002372
48.452831
34.027977
32.124967
7.920457
48.776870
61.900494
14.187967
69.235193
69.712188
37.543119
4.291578
56.927053
42.167937
68.251552
49.081327
34.568149
20.041871
64.092739
48.143519
39.966989
41.250417
62.548341
67.997090
48.304507
77.358200
60.077900
76.807637
54.729918
38.930060
40.276685
51.691511
42.476739
25.989833
60.887125
69.573599
58.256244
84.926390
71.618873
64.853794
53.541121
56.615354
79.735320
55.180931
56.263413
45.585835
40.841376
11.295460
58.110977
44.272965
57.254890
38.786046
50.113459
47.042891
59.987906
23.900283
75.031720
27.232721
51.857843
61.368288
97.393448
43.542008
56.293074
81.608579
35.944096
66.114741
61.536926
38.262639
54.215391
54.843302
68.483556
35.617382
51.170825
63.621164
67.227563
105.874941
31.907105
59.950260
52.872611
80.939148
36.217936
39.650194
64.449396
56.037827
90.220737
28.158791
35.562742
38.582379
64.844509
20.554749
42.110350
57.504738
65.680599
46.323479
53.740268
49.156758
74.599192
58.479020
45.532577
86.853173
47.011543
60.192688
35.645386
55.207996
56.886904
36.529349
54.079804
65.906231
37.595065
57.847429
66.584805
34.919399
50.728032
52.928929
20.149523
58.588813
19.276496
43.887244
62.831733
49.946063
19.481853
85.237158
71.116654
59.751425
17.471196
88.032537
36.086887
82.393540
79.971067
29.427085
52.147618
59.567120
89.134813
68.623981
64.584504
27.124121
37.824733
14.014584
38.989316
51.101388
76.804827
65.585740
28.383294
71.549324
52.092325
94.912545
33.965242
39.446646
55.974571
74.288152
45.131782
28.865157
46.782285
75.737283
74.912775
90.953048
49.634603
54.068928
52.071605
40.320491
42.020176
47.574482
37.424993
47.186780
20.411840
53.343454
67.162402
63.649234
80.675334
45.891647
60.849490
57.143498
33.331294
32.757991
20.145826
80.852512
49.823116
58.444539
71.760783
42.218740
45.465589
92.810688
70.579374
57.482122
55.679743
45.218929
56.284027
48.275921
47.504554
62.181654
47.712954
46.159318
84.281144
37.161591
51.383208
45.448743
60.511937
102.194505
86.200497
58.802522
74.810367
53.611507
54.519229
62.514824
54.968022
50.874132
76.558418
26.815010
33.977047
59.200016
22.179609
40.493343
56.782184
47.382665
43.051205
52.548274
37.285408
41.885460
60.358352
64.994240
56.898381
15.000299
28.172598
58.753145
43.710935
52.955634
42.008678
36.197237
37.700247
71.664230
50.406600
62.435568
39.811558
34.614453
3.795778
38.865983
42.213037
47.647869
66.745726
62.123240
59.777904
31.834396
90.995721
86.636702
62.717629
43.550428
50.168071
20.722527
46.986053
80.489815
66.652040
67.495516
81.583516
57.871145
19.635794
59.928307
46.565437
70.262552
74.498052
80.437827
34.397184
10.064348
51.382160
60.020017
45.835813
32.507029
22.529957
55.437821
77.750586
70.235839
67.035391
18.362395
32.205449
65.503213
88.180486
94.891388
32.012545
57.045530
58.368484
73.192175
14.941944
57.236186
47.977765
14.981556
61.747364
71.033566
57.573500
48.110136
30.186066
57.840356
47.973822
44.450583
72.688578
80.031388
32.822042
15.893167
62.685669
30.759361
36.109857
25.935685
71.747627
28.855514
91.791081
20.240799
44.262551
57.208754
75.664701
39.980213
46.278950
13.961716
78.053186
32.783057
61.402898
23.666582
36.577352
54.662166
43.767286
38.417972
22.070011
52.966939
50.900621
37.500927
61.907303
32.790728
33.038072
53.778077
52.452405
64.904347
28.863323
12.403371
60.639232
43.160660
28.689381
62.822094
28.397175
70.371942
61.841169
34.614284
40.274023
35.306685
51.949506
62.252569
68.508008
54.576909
65.514184
44.331975
29.539152
44.238378
42.026576
71.700391
72.446011
38.420715
79.996260
31.405404
23.455330
65.552119
57.356110
53.423395
27.470017
67.723255
68.025870
48.594098
69.298044
70.542157
51.847239
31.042060
48.320168
7.811519
24.261730
56.854453
48.909479
46.507383
31.861912
66.912692
65.024445
44.155005
62.206694
15.640586
48.637949
38.993344
52.688751
36.224784
17.559718
62.530246
80.542194
31.106942
76.212500
73.346680
50.718119
50.469851
41.775226
47.374314
38.947409
64.478680
55.199521
44.615536
52.795480
36.533745
38.929271
53.356216
61.372108
64.046789
19.972570
68.634544
67.099315
82.635731
37.966680
21.811292
37.483767
67.302941
26.486079
24.206274
29.770992
46.190713
56.156350
26.269863
11.339611
60.128820
8.559903
8.371474
36.456473
53.353973
37.334925
67.455369
45.255038
68.931521
81.072854
20.915687
70.401256
85.999924
36.606913
58.905463
48.058556
70.259336
63.284349
57.409200
53.432944
67.203840
31.904300
30.557515
79.854993
71.445141
86.880985
56.900586
32.655122
90.446823
31.436126
36.399155
52.779438
65.002145
51.259102
39.627734
45.450593
53.701773
35.635930
60.706875
55.210791
61.251040
47.464956
69.151762
32.284847
23.117342
63.612121
63.277969
24.459420
45.363187
39.714023
41.812760
51.284387
42.930116
69.580176
69.121730
57.369035
59.702705
27.797395
31.394713
27.604898
82.960163
39.915507
39.920362
57.558431
53.125710
68.955751
47.580541
83.023548
23.665521
35.234281
65.082957
58.688064
74.963211
42.024824
43.813645
39.313669
61.515708
42.743822
45.183622
64.706618
97.151864
81.046036
66.823578
33.840734
62.578393
25.391505
69.438187
38.281797
39.849269
63.849293
96.460160
44.357548
13.147912
49.686655
22.154428
17.539604
76.159911
47.645794
57.500854
31.528760
21.127369
28.740504
48.011490
50.747487
52.695757
73.962397
39.268829
17.088198
65.740670
26.983890
61.739769
11.420552
71.613024
81.387938
31.524340
39.872705
37.263300
33.796462
99.372274
82.425305
37.874185
35.382921
64.303275
74.202890
74.627729
67.234128
80.976063
76.051597
53.202773
27.530955
54.535633
52.585350
78.670120
33.899790
32.104523
63.255818
86.060259
36.177388
39.625608
56.845797
35.485829
43.492330
69.543980
60.151910
79.767360
22.289973
47.698523
29.094415
65.226031
47.747878
58.095988
74.465311
41.740453
60.083707
33.601977
43.965430
45.875668
62.172914
56.066695
66.266588
21.698692
49.806520
43.230574
70.154006
43.538407
93.775956
36.804788
67.263358
49.382113
19.103084
58.384376
52.654421
65.570030
25.691729
83.703153
73.197004
26.230493
53.204764
45.287212
55.864330
39.456546
45.752851
38.914247
54.446103
77.787454
42.203262
19.250302
34.076335
43.859163
10.892256
70.773800
54.330352
64.207198
62.026114
21.382083
28.556580
38.582402
86.549897
25.378271
47.575272
69.795054
37.470472
23.728329
40.352855
55.449548
69.993698
60.957842
67.818501
43.332097
35.681782
73.485591
37.550674
57.233078
57.448481
52.318358
69.088316
77.396880
25.386323
45.611956
39.870916
1.011813
48.881178
63.325583
61.120363
81.566478
72.792646
94.862072
0.150716
35.707716
72.565653
44.563497
33.680201
37.138412
73.864823
22.115393
30.296788
49.360161
71.395615
24.674623
22.905211
42.231859
17.349858
30.787455
66.134238
51.291664
38.867499
51.859909
48.923231
87.958874
53.394224
38.122838
64.896496
-7.872023
39.538342
42.530714
58.951570
70.335239
49.704384
41.370466
58.909736
65.964005
97.979830
16.092125
74.882575
56.423098
53.154006
47.371052
77.615536
64.763515
22.247078
53.604525
66.771002
48.415137
6.177527
83.236782
59.499978
67.389895
67.053243
56.554377
48.615742
37.686926
43.851240
56.346041
33.862748
48.737383
66.771215
45.132605
36.756432
33.701519
33.160038
72.259309
50.708347
57.427733
18.527582
45.990647
56.981031
64.551234
38.945818
88.714835
53.681491
92.057541
37.566296
44.775060
36.548154
72.269676
50.759708
21.883489
41.951301
5.763335
74.061753
24.839862
59.142631
87.532200
69.328972
66.526947
86.690743
79.126817
60.306240
41.675516
53.368967
32.898027
34.793918
51.126895
63.038754
35.775771
54.220253
38.254681
49.719924
54.949943
70.259110
73.033405
53.660075
10.411530
11.468955
49.885356
80.470860
67.824486
42.570514
120.890559
53.318644
96.381821
55.301225
55.080391
62.079099
46.270150
31.642154
23.885287
43.201897
2.916174
42.946488
-2.409970
52.547187
54.185557
64.617068
68.551023
24.837371
53.282335
50.946286
31.063843
53.171566
22.201066
25.695723
60.422203
40.545083
49.830907
22.674951
68.740635
54.663479
49.827378
16.749294
61.459499
51.670009
49.863331
41.295545
105.630119
10.281680
103.029356
92.959550
49.432308
18.857941
20.452849
45.871636
65.987474
48.911984
50.317388
24.856018
49.643345
90.135820
60.644657
37.761405
38.182253
16.708695
72.394545
19.114250
61.722005
79.447913
28.543517
38.832227
45.374190
3.591140
-20.807418
30.092947
74.946927
28.920774
79.049017
39.611020
41.795792
29.610665
38.118247
66.600341
23.856722
51.546478
58.652637
83.669148
60.383016
55.101511
37.318176
59.952154
41.573699
47.129248
52.104495
44.849509
24.925920
66.504489
41.626287
43.848030
1.448210
31.194311
60.964624
54.454960
54.192927
59.491293
16.823091
16.757637
90.286083
16.507571
13.977350
65.818878
59.730894
43.171963
50.336975
64.823362
34.391832
72.319439
82.875942
53.393030
58.590312
93.359560
45.891589
35.471477
50.650703
47.586880
45.364081
30.522149
57.549708
59.081084
62.578416
72.114501
43.908044
29.149853
47.722758
50.474979
60.042993
36.691850
97.586565
65.708889
37.288190
42.700351
51.630024
94.007775
41.924994
43.722643
42.205343
35.842989
61.192239
75.804442
49.209896
68.345133
61.691523
57.231790
103.895675
36.394797
63.354339
58.026581
20.679227
11.568341
82.816342
82.836656
11.028435
39.101932
41.560785
50.507616
53.307136
80.648602
32.321471
30.587784
53.782794
56.141497
76.883183
-1.853135
61.502461
35.726991
45.524912
54.746372
28.947692
35.573604
3.573901
51.093638
58.381009
19.141159
44.088244
80.214519
34.333135
66.014867
27.508569
67.708212
24.037406
32.286764
45.987687
73.311569
72.511218
30.373447
102.638255
46.310143
33.538700
44.309560
68.839876
59.233904
44.979337
39.532627
41.136974
99.524143
20.364907
62.008446
36.166141
94.952130
38.877300
78.396840
51.130529
31.478904
53.254205
26.372935
68.963038
36.276630
100.766438
21.348135
81.901129
46.563948
60.547353
50.001185
36.456599
30.005978
28.939340
77.190347
44.234745
28.182243
30.216506
63.553329
40.184738
86.239254
78.372085
71.530596
65.581729
54.837788
49.360345
77.725158
67.718516
15.670195
25.524907
12.388996
37.024277
58.676048
53.207472
90.047617
82.695824
23.021539
41.740763
53.153764
41.879517
57.673133
48.059107
38.731047
75.547287
23.572431
40.716192
60.924037
33.532293
55.827663
52.958823
44.069570
70.754571
43.573580
52.661507
59.027862
38.913316
60.904804
42.947361
73.490755
52.244482
12.326435
11.465786
58.967776
19.589967
63.261238
54.645851
63.612466
53.523127
71.282627
38.852862
45.727383
45.302126
46.577693
48.601887
78.430242
28.730943
37.881647
55.216792
61.345428
75.833364
58.204832
65.390690
103.190088
44.261160
87.490343
52.317260
44.148703
43.029350
75.596700
40.453001
49.279617
67.880082
40.007952
59.071956
60.446557
44.233169
35.508133
67.045839
62.037461
76.731386
71.309458
96.510791
54.340274
45.911303
60.531509
37.906031
3.366585
76.255163
59.705430
21.730908
55.011902
37.521469
76.132878
43.102623
42.377259
56.245550
78.803832
47.001145
56.015246
38.892974
53.354002
67.957124
62.241118
58.567783
32.351661
82.437357
65.182026
87.349247
77.787601
33.867685
40.504565
36.098077
46.523157
8.264393
48.316500
34.757749
34.853194
43.579482
35.116811
56.183519
40.156010
65.570774
27.721452
35.960477
79.137304
47.523617
68.221002
31.278498
54.719578
43.156402
80.813615
69.225390
87.059216
51.327263
19.283149
26.801933
37.233814
74.613363
91.886816
41.541591
38.452776
26.603413
60.991760
64.050758
31.785205
85.142227
61.768874
51.810739
37.857374
53.485674
45.754666
12.175824
67.501695
35.319505
86.662270
93.530033
27.384040
12.013032
63.639008
55.120477
81.831995
31.078777
62.382750
18.918452
68.974997
67.814600
49.143313
73.947482
67.580850
48.285076
32.519013
51.688928
60.147056
41.431151
51.719470
24.478746
60.889919
59.579805
25.630508
37.014300
41.184071
26.538555
42.225853
82.325434
43.326160
43.559731
69.643480
90.394707
71.427491
62.930714
53.344939
64.084097
41.839466
27.929454
53.057721
51.568937
44.163129
64.569158
24.602790
53.780326
41.100737
55.450548
69.384741
23.873121
65.000935
52.646355
45.536566
60.214201
34.176570
35.451017
59.030702
46.255391
49.625157
70.390838
72.058219
29.048782
55.138520
60.463971
45.135837
3.225137
16.936679
83.231224
54.345270
73.882082
65.724515
56.625468
26.271699
30.332625
52.922583
56.544195
25.317781
24.587758
62.578559
22.373212
55.264450
81.551566
40.780426
19.128723
23.785462
66.839918
79.478963
23.912848
44.173688
52.869839
66.170179
72.975322
32.391083
17.093183
52.005677
22.708994
16.697857
52.093074
48.877187
58.084582
28.271285
16.724013
45.417025
54.618139
58.274089
33.425117
71.603111
42.084247
79.383087
42.697345
34.487404
52.361216
51.133846
90.779922
34.312421
59.795111
66.150964
26.207685
36.317719
76.977566
67.757854
9.340601
56.930279
63.016619
69.201799
74.825851
49.296858
93.178625
60.963789
65.446837
53.693529
101.521244
44.783719
36.445984
66.883290
32.678675
50.828317
35.288654
44.698652
43.495321
88.322013
23.033506
60.094268
-5.237887
77.352922
88.079856
30.666877
27.243105
65.285650
46.612999
73.774548
50.081177
39.947811
65.696291
71.724448
94.945182
51.952807
20.114481
81.042461
73.216726
40.649094
16.361022
40.976973
87.363330
49.657403
84.277516
28.026282
37.072544
27.877243
46.336233
47.175794
32.248888
24.105818
58.694448
63.190702
17.010430
52.681069
78.816580
38.713082
72.360008
25.902450
30.778377
75.406475
58.987916
20.367282
68.781264
51.363382
87.209260
34.855116
43.214582
66.152330
43.870931
32.483552
72.021602
29.768860
15.385701
45.734498
76.500322
88.092661
51.586984
83.288317
68.679650
41.415717
46.089283
8.980133
27.673653
14.839874
18.560436
36.002299
66.944512
35.648372
50.140691
62.025417
50.136745
49.066413
42.821862
71.576778
37.233863
71.396295
59.289489
47.515157
32.756048
64.661267
10.838393
80.562506
67.772663
73.907180
51.170560
37.855632
9.836987
41.785719
35.769938
40.675585
25.830851
58.851647
40.780222
39.708804
83.006708
40.928275
59.676777
65.190707
38.480486
40.866334
19.806443
53.621938
50.408085
58.581835
38.281414
59.744740
11.808274
58.849468
38.667300
54.051797
61.106671
35.799334
29.889264
56.806669
58.391931
79.875113
44.969806
42.254137
8.067438
55.765539
46.624365
18.844751
41.012753
67.330832
41.288972
61.110307
43.961935
48.599226
71.933425
52.940971
62.451074
47.645638
37.856735
28.043765
53.449699
17.400669
47.004236
43.621139
72.916886
64.868504
60.066004
18.842600
54.609362
4.220923
45.934856
68.591485
74.309049
77.891913
58.202063
51.839622
-1.310264
70.131319
77.266289
31.733351
48.666528
36.561637
37.722008
52.771870
39.948347
60.238565
88.225291
39.643659
27.454461
44.839213
65.388713
57.377273
50.428741
57.899505
61.268364
41.029527
43.751648
45.966441
85.657093
23.896903
50.485725
60.371482
57.093466
54.968116
75.679427
76.525031
43.866677
22.742427
30.461346
66.375362
37.926406
59.734221
35.442127
28.397342
76.047343
74.811863
69.896716
14.577267
52.005281
44.793809
54.110237
40.661537
83.631084
33.542669
57.418822
56.958116
24.520463
56.526529
61.190850
12.730473
49.724265
40.345296
49.836666
73.366322
51.499184
28.373920
74.301019
27.808332
63.061257
31.927333
61.089705
42.352311
43.671932
34.773621
56.560022
62.716456
47.988330
60.709398
44.732998
40.938190
70.378199
56.253391
68.358999
38.659252
6.784972
21.060118
44.004448
62.634736
59.407985
75.764747
49.984006
80.493171
63.442880
71.487628
100.587733
35.506482
73.828894
57.144444
40.362743
46.487534
67.410848
67.455393
81.618773
98.915472
67.571922
44.440651
53.672599
27.625457
46.881336
48.066910
76.303911
39.152225
49.907720
40.324876
59.906969
74.459341
71.388488
63.697515
46.057136
53.573757
74.492995
68.280663
23.019623
25.423261
43.879910
65.269105
86.309468
50.996279
71.395356
23.444123
55.209665
67.622584
56.158682
35.565454
43.225367
34.431497
25.264702
38.115945
49.630583
54.687594
19.479906
89.298795
28.504542
47.838699
53.136418
34.718727
27.078479
78.718008
29.667830
67.641410
55.856098
60.838742
25.020970
13.907458
65.871293
68.816363
60.163476
44.184560
60.122226
39.839619
50.011264
79.965877
51.351876
65.446645
56.495078
43.331430
95.461915
70.789691
22.781731
55.407945
29.018033
31.992132
49.412699
-12.350412
51.805268
38.668400
19.752937
58.765828
51.934007
36.000221
45.163889
23.753192
38.329584
80.145453
46.849918
59.016580
34.720471
46.919414
24.937612
36.623664
74.613578
56.787971
37.190397
43.870839
29.682407
52.079063
30.665057
27.622767
50.240418
60.526326
61.205428
57.160309
75.558621
20.267538
83.160253
75.329030
45.836216
24.570056
73.374824
20.928738
59.848787
20.258493
64.226306
77.773039
30.560464
66.277249
68.537818
59.986978
55.072863
46.463316
50.488520
51.766323
27.431973
-5.012854
49.364081
30.285843
33.750662
74.646967
82.236956
70.084864
58.773283
31.759146
59.369026
63.075612
55.569240
10.976123
1.602093
48.720050
38.273590
43.947268
38.108167
50.380602
44.634895
56.206155
72.895625
29.262480
59.790623
56.886846
32.507848
12.467132
58.799503
38.786043
78.596213
57.246909
35.633164
63.384931
69.928798
36.700970
45.586719
31.432276
52.918005
34.524674
79.534696
43.307353
63.139272
78.982722
87.824111
46.631834
74.817515
49.072781
23.730704
13.462517
40.448748
72.927038
29.148145
7.160068
58.554821
49.115790
34.221275
51.657869
60.449366
64.084452
78.904650
44.249707
61.537551
37.590770
40.460333
23.508451
89.276327
60.860062
58.691416
58.355462
38.382000
39.311408
19.716415
63.701088
35.269698
58.089946
40.779485
62.365918
18.706437
31.344909
59.194024
58.446538
38.922419
34.187810
85.902697
36.273833
86.300240
21.912670
41.170182
53.377186
77.346421
50.441289
29.320467
29.975669
43.882620
99.996047
51.267634
37.484056
16.288361
63.025679
30.359671
53.915394
23.678032
51.491596
42.496014
79.982405
40.298952
58.060342
74.797260
19.908156
72.807197
45.080689
74.506328
14.762553
44.890207
54.077728
65.157662
55.932708
55.927393
33.874988
43.319916
45.395109
48.347591
84.135588
65.415876
60.961275
55.122339
19.947979
23.622949
69.756756
20.276432
54.385994
63.877207
21.293634
72.553642
45.400144
56.774838
77.211903
41.970779
56.485379
34.639299
24.959622
64.292883
28.459219
48.979949
51.881901
54.710802
76.547506
43.447349
66.133740
65.046580
62.673417
49.868824
10.628961
59.744578
65.422292
34.227947
12.613337
40.121777
50.551657
82.770334
51.071078
39.198393
63.365212
84.377539
47.075183
86.178182
38.471606
52.970577
70.312801
48.138475
42.596788
75.104535
35.541908
1.777666
49.668762
11.319709
46.769942
31.848920
102.773843
35.208268
86.523906
85.305518
21.571032
53.266492
48.989798
56.830584
52.335721
65.690553
44.332843
67.026094
39.977204
61.938878
11.622247
70.945455
59.807326
66.292043
35.176157
56.870994
29.133940
52.704358
67.703509
62.223676
80.092293
37.037890
47.238940
96.662969
40.212120
37.570926
48.895030
73.628635
10.542532
66.325072
62.918288
34.520256
50.276978
71.690777
39.462881
50.797908
87.525240
43.928453
60.435080
65.007056
59.149439
44.410494
33.041435
18.755861
27.190880
28.967927
48.246354
31.375665
68.044066
63.838179
36.801237
54.849285
31.383381
68.515841
61.265858
49.199249
31.815797
88.661065
52.025588
15.321501
46.336782
63.789593
57.189799
45.765039
46.519050
39.664458
45.235544
41.497062
52.450258
63.274901
60.813434
65.515958
30.565203
51.783109
64.916964
43.356010
70.013927
54.174278
98.244909
39.365076
71.422624
85.466877
68.126083
21.097568
16.178355
50.892615
32.160279
44.533175
50.678649
53.498545
61.682051
28.734249
63.641506
89.591371
32.465310
53.709188
32.048174
54.929969
43.582055
42.988923
34.148893
59.539971
54.719533
40.927967
63.417138
9.087837
63.636481
50.357647
43.516905
71.841350
51.899179
99.643780
55.195522
59.479122
55.874013
45.478092
39.468042
23.167503
25.407867
52.886698
54.097530
39.881157
31.654870
45.941631
63.020754
64.047653
78.899095
58.179893
43.322484
44.681504
34.355454
40.085610
25.602344
74.261552
70.166598
42.001462
48.174768
46.707639
47.384291
52.802962
21.401651
38.666014
93.151147
39.406906
64.022121
51.292524
49.120706
84.791748
28.646161
35.720508
27.886788
16.725049
69.992850
56.113405
61.175014
58.276230
28.849972
8.972959
46.310709
25.215250
14.064950
12.071828
21.384578
35.607068
68.258500
35.119948
38.876258
42.990541
78.980376
69.639756
22.515340
39.146269
39.761816
32.548521
7.667599
34.890772
68.987978
50.390368
52.047228
37.108933
55.886810
47.799708
51.360299
42.193731
64.646832
34.742952
68.764817
44.329463
16.867701
57.049295
39.040074
61.186910
22.694372
27.476894
82.745821
67.417496
49.807000
62.019056
29.497983
28.015584
45.733523
63.918326
35.268037
38.748101
74.154495
98.871724
34.895585
41.049350
35.441531
48.487470
95.782336
60.250981
59.294130
43.669224
65.602342
42.745800
66.211760
48.515390
83.257642
47.912665
76.310194
31.111153
62.037364
60.394905
24.283101
64.568136
19.557435
33.133922
40.329857
32.657723
55.103618
43.325872
80.009449
43.121788
59.086323
54.752749
79.454753
41.401238
7.824291
26.298969
36.207710
32.823984
52.101994
31.021675
75.884249
77.275483
39.702451
60.397517
110.574361
38.075510
55.034936
58.611635
44.734446
7.832173
97.474095
65.502756
72.603951
38.481699
48.953270
28.923902
85.484144
14.171648
64.206785
82.810309
81.587353
45.655872
65.069280
52.462293
34.853256
72.092266
41.399142
21.592151
43.959453
81.163229
52.210443
-2.969548
62.234254
44.465897
77.731531
47.104492
46.807263
19.710981
42.774196
36.510925
48.576039
52.778584
30.249145
59.221011
48.387448
30.687462
49.417410
52.518670
30.850508
23.777627
44.026194
73.498167
51.991938
51.931985
66.894077
40.684851
46.532545
41.408328
59.299967
80.800912
48.978831
22.126954
76.990447
52.012019
71.261638
25.871862
32.401086
43.417431
65.527829
38.696300
57.423757
38.845508
55.722636
69.933371
88.729121
107.815921
29.713120
25.550382
95.945602
42.239666
33.591774
54.436558
41.002872
63.487669
53.660056
34.228509
40.638633
50.096448
57.567461
17.429995
74.641765
18.217143
40.412993
34.044562
25.456925
43.211238
48.114313
65.345981
65.276804
68.299024
59.617322
22.723195
26.122631
39.383228
48.427190
33.296984
72.678118
54.716387
34.251032
83.326317
32.196282
43.149677
70.705248
52.765664
23.463097
35.459649
74.267151
51.227947
68.003775
61.256532
44.720116
61.044049
52.300471
40.345053
68.200576
44.261011
45.312726
50.524535
45.346197
45.118366
12.275722
77.988554
41.150457
4.573292
26.215091
17.097519
52.817044
56.682368
75.769065
37.527664
50.179519
67.772742
45.117719
38.614670
64.964812
41.849203
35.851407
11.753166
72.713891
62.860347
31.575186
29.223802
34.201117
51.365296
52.528188
55.340991
9.192773
19.828419
77.423348
59.507811
36.009222
53.891961
83.676203
40.498527
55.818427
51.040878
28.712183
37.282276
11.521689
30.935763
55.419042
17.518162
5.044477
55.810107
65.386084
57.804751
22.227726
38.349625
49.554312
62.676502
68.770162
51.237943
53.932602
35.377389
69.542815
90.574086
62.145445
62.495416
39.426945
55.534815
58.409767
51.364063
43.074189
58.040559
66.354728
77.179988
101.330907
76.739792
28.565474
51.480582
54.399568
65.934246
81.403008
99.022419
51.594625
65.295188
87.101804
74.806727
25.042555
74.062636
22.557080
51.184839
13.105838
28.014954
36.523132
49.827992
43.168282
44.447358
56.316123
1.190381
36.540024
-1.307913
46.497151
42.616398
12.867692
48.446095
58.835353
32.667320
9.841870
11.004041
70.180700
44.087476
57.525805
54.294159
51.088018
56.484196
64.735367
39.511406
58.165635
43.832298
20.550971
46.694433
44.772029
52.323789
88.252506
49.396017
69.476767
37.788783
28.874017
38.747917
50.921700
43.818405
52.090038
81.133763
45.080378
50.499113
75.256965
43.411547
54.359778
40.272019
46.408928
64.842742
27.905730
92.326217
33.340505
71.804356
79.431146
17.119129
58.836012
11.040618
50.517543
73.938973
12.414574
63.182115
57.587548
37.151377
82.122641
55.021638
17.456958
48.071073
73.051266
39.359527
32.277440
52.638315
61.932663
64.242216
71.889504
40.348733
45.710084
32.707727
90.209654
48.060470
59.540933
53.706913
62.563785
69.436914
4.355185
78.033935
19.944874
22.311608
31.412749
18.777190
36.672821
36.400512
42.015064
51.471139
74.438683
23.506943
37.835894
81.894397
52.943375
33.748692
73.413234
29.640920
59.133135
31.415469
38.858927
56.423323
48.441940
43.570735
61.384306
49.164208
16.308058
77.962861
36.867348
81.685529
60.172080
84.749387
53.042207
85.625759
51.425664
54.394179
31.092582
50.268250
56.634348
57.560052
32.623293
48.515006
18.626345
68.623259
51.022451
42.345838
59.397608
17.483360
84.003536
17.406435
92.616010
-0.217660
50.956831
48.759837
79.874382
28.582876
54.736229
42.878215
33.407338
50.433431
54.611388
36.416726
58.444033
18.399268
42.498511
31.121818
42.631550
47.495268
81.353037
24.611344
62.278850
56.092196
21.170136
13.739789
56.665269
88.121417
59.686354
36.318713
31.617556
75.999759
54.058227
47.895643
57.691510
65.673131
26.530016
9.246667
68.304727
44.400459
75.531646
15.317979
28.268255
22.675485
52.397319
66.494576
26.595314
47.085129
49.634416
44.936021
24.251112
61.714240
75.103832
38.812648
45.720835
58.493837
47.264458
33.669755
48.684369
67.182074
45.036366
57.701121
40.864622
63.200759
38.122681
55.110794
70.688848
33.851630
36.623220
32.051102
33.101147
10.805377
0.130149
42.772499
54.437392
42.858537
72.350395
63.163082
42.615673
29.415510
30.367868
78.702523
69.068104
40.636189
20.696305
68.195047
51.079527
21.297957
73.622948
34.492276
58.511223
47.650345
42.415270
56.938581
68.095215
10.397792
42.376894
67.436359
51.886204
69.583618
59.763624
59.148812
79.294210
37.204404
62.451949
41.670303
70.303269
40.846175
33.525482
68.311402
-0.282454
54.943630
73.962507
64.701569
71.875596
63.116023
68.387539
44.766881
72.832016
78.207221
62.583217
56.914833
50.403205
53.121760
69.862145
70.088937
37.402128
27.479581
49.518298
53.670934
42.953903
86.377245
46.748288
29.607965
48.705309
49.763539
72.591673
58.774665
55.629930
66.085624
77.032126
62.549984
56.228204
42.348309
53.909903
72.481741
51.855032
16.584357
36.120978
51.588418
67.997932
61.929745
18.413630
37.957968
75.707855
44.853553
53.048275
59.859460
43.166249
39.084576
26.334283
65.590395
51.977220
32.230794
54.527653
61.377430
32.583253
52.826435
29.225012
36.121308
32.921199
49.802711
66.062768
68.302724
83.111162
47.060219
61.155142
31.337599
69.838907
48.020826
104.687156
28.584572
39.009051
50.790942
2.796055
37.061326
54.941750
86.659467
42.357968
37.103684
52.565704
59.066300
20.964941
36.449161
51.003878
44.750089
79.092132
81.936642
47.672382
75.534231
68.836043
38.289565
47.319849
50.072889
32.828575
71.710477
59.617619
8.675535
19.553032
45.361648
24.762413
58.690807
80.577450
26.340451
68.520191
46.501219
53.288435
47.142529
26.727723
38.498233
72.131796
56.371326
62.878462
45.101800
62.790100
61.911335
40.546762
17.636862
30.296124
84.928348
37.376524
54.267407
59.880989
30.308941
43.582440
30.339400
61.267461
23.821250
91.546281
49.270092
70.778422
49.958926
62.051555
46.551091
63.233082
71.727781
24.777667
73.335102
70.612839
36.210244
43.055116
87.678499
35.999597
16.503952
84.883566
49.969537
35.395741
19.072810
51.168678
46.752449
100.247486
38.880742
63.922834
70.144093
81.005421
48.590971
77.487986
62.537623
38.181532
77.761751
70.917816
39.001264
66.593712
39.343850
77.366246
40.326070
63.923923
68.172592
64.846923
-10.503382
58.978556
79.243955
11.881895
74.824571
25.740857
62.781680
34.848305
61.229890
47.515481
72.125449
70.522521
31.790316
49.373607
49.883216
41.051878
57.536698
61.441203
48.676503
43.021621
54.250848
33.370543
31.452442
31.547790
44.608512
56.104532
19.037528
52.248606
56.295959
40.202993
39.446494
71.171818
79.951903
44.414372
51.415337
48.292295
56.064707
32.539948
20.938303
30.758053
59.590234
72.347471
58.734132
26.627771
59.078022
26.756275
62.401812
54.718740
60.844554
19.966515
61.826295
41.303605
54.741320
85.563055
62.184512
67.229806
66.541380
40.256849
57.694302
60.626018
77.126403
64.522170
45.931845
60.755471
55.583545
95.026246
47.170619
42.300015
12.838395
41.357801
67.498654
7.728843
75.818437
59.448412
33.825614
27.731416
73.333228
46.152149
69.684249
72.389091
67.400096
65.876934
53.713234
40.455152
41.988740
57.058838
75.508784
36.092491
58.736627
50.495823
72.929652
50.071065
51.017745
24.823481
31.337106
37.735532
34.060460
65.926592
55.336551
50.065391
38.832302
33.748970
32.729320
65.406980
70.982460
62.319483
49.700618
52.725715
81.875172
40.980190
56.191442
78.000064
38.395994
43.911437
48.528173
13.261557
45.805774
68.487752
51.890002
13.418153
39.262002
55.428267
65.898096
34.648952
47.247795
55.539267
51.729511
21.009904
81.682044
23.988748
58.967395
33.087207
33.586696
40.843360
61.138009
-3.345803
13.970515
30.693271
48.027761
18.006901
76.636076
71.830491
87.063265
37.934287
4.215573
29.880190
17.870953
40.653766
46.528951
23.844146
80.617380
54.001393
37.622051
40.254744
57.776264
23.544875
49.246409
63.524970
69.511882
103.431576
81.198844
53.989824
35.429831
51.849155
53.234805
47.571119
45.538714
72.071685
39.524995
61.204353
38.823457
45.869609
47.549654
54.405622
67.167344
49.600026
53.662652
42.165735
62.488083
59.224331
17.069396
88.369367
55.820881
26.344619
44.568190
42.763518
50.474433
71.427190
74.219193
74.488625
41.370542
51.884669
36.359507
29.340356
69.650008
54.800137
32.469200
73.008314
38.777173
27.172518
59.116309
50.579010
71.507333
58.942133
51.985797
27.994217
64.154923
57.265797
29.310456
37.285705
63.162587
66.471952
38.421633
33.684052
59.581553
63.179535
29.840456
55.215305
53.637669
59.996954
81.323715
24.554268
46.461372
8.109268
74.935593
30.717966
58.774204
16.095941
56.801040
-2.776140
30.585571
58.850681
40.888043
59.262640
48.572284
60.108050
38.615829
4.308791
50.589197
41.619598
55.970746
59.265848
29.720245
39.627272
37.842699
55.790789
33.438083
78.507736
3.861961
35.044798
64.827944
36.063653
81.510139
35.509339
58.736205
31.657836
40.149491
61.630398
35.573932
44.466943
26.557011
62.735256
34.555145
79.290108
22.070486
63.767936
70.243818
37.637486
42.960703
66.793419
36.543113
78.758499
34.656368
71.549007
25.533939
61.442032
73.252348
71.873747
49.983333
24.992506
47.993988
34.039007
58.896246
61.520958
54.059593
29.566296
51.338793
13.911485
79.660490
78.002925
75.153188
36.217292
43.809673
36.351722
50.616851
49.643242
65.794868
46.764781
45.975990
51.240129
73.769020
102.271289
22.295205
33.303828
36.511235
32.795469
29.867630
55.030672
57.595710
77.278450
51.646988
49.915002
75.508492
41.466923
49.788789
17.135920
90.954508
55.266933
46.850299
30.121880
37.178242
58.659854
54.882023
36.601860
57.141056
35.336997
56.161074
48.018192
55.320820
92.707601
68.800491
49.307593
47.907388
38.494096
37.890636
46.031953
18.884322
80.127529
73.442440
64.571605
66.578786
40.424871
63.309857
65.195979
49.399068
27.677955
52.836525
46.524356
26.366785
46.416700
65.594228
10.806281
38.435983
43.628926
40.175402
40.136338
12.252751
23.611959
72.715343
65.130208
48.778800
70.118971
34.016559
32.722285
40.593508
82.645060
47.025584
21.442571
64.323119
45.673820
68.738321
37.690569
33.002296
51.279344
21.268722
78.335571
72.763415
36.732187
38.741202
45.686240
27.055880
54.868188
62.316765
50.714594
60.467155
47.993755
37.309643
27.792568
77.582240
41.511583
31.868224
80.254355
34.803208
31.767811
51.747319
76.132089
91.386193
70.232562
40.669129
67.235173
26.452550
86.961053
52.479742
5.836370
54.112046
65.445111
61.601709
52.092513
84.318029
36.722026
62.498637
71.319809
54.713184
69.916456
70.262887
47.652680
12.453194
43.206469
32.235272
40.104999
42.225687
31.982215
37.109117
60.444272
41.344225
23.448736
4.005668
14.042977
57.196140
72.900893
33.620597
57.480417
38.153330
46.376182
64.434068
53.716922
9.775621
34.907094
23.218974
44.754017
15.648537
57.770053
99.701670
9.310006
30.584776
73.963201
19.204772
50.313652
47.344124
38.258827
36.470946
56.864534
65.627545
75.369481
35.120128
26.066791
34.110292
62.307647
43.635419
62.603082
55.733006
45.436142
64.057171
70.581082
84.735289
26.148065
51.749011
39.386185
4.454702
57.595142
49.142691
35.941143
35.075115
33.650186
53.541870
78.514918
37.268399
69.170059
69.796847
66.169382
65.743816
49.840956
18.201222
87.424627
53.182678
54.086684
14.348255
57.033061
77.623978
65.440592
64.625151
98.795778
33.439856
20.875399
94.565463
36.915749
42.865377
64.279360
55.310401
77.685182
20.728931
62.831782
57.879822
52.087581
48.269590
65.619021
46.714511
48.232402
69.796171
47.477035
34.791013
50.706871
28.049427
39.684354
69.945838
38.858041
87.067245
53.813909
56.335369
30.826746
71.410379
33.130841
26.724404
64.150932
71.355354
64.090980
34.504534
2.625265
40.239158
40.414777
64.732255
50.047275
29.552122
59.571822
46.647313
51.489629
16.847241
43.877288
32.384138
2.861350
50.022154
31.438939
72.284901
36.686202
18.160458
56.118912
75.042418
54.943574
54.193127
72.558685
52.357918
79.558369
32.099430
47.889256
-2.666816
28.939482
86.610253
35.495301
46.993522
80.787099
80.794058
59.236510
37.080843
75.697412
99.968282
28.273475
62.829094
50.399547
44.525402
49.772737
39.562432
49.843583
52.975060
60.276424
36.638574
19.768846
21.779167
41.994022
52.336751
46.448538
30.977829
74.100432
18.234136
46.455018
47.735694
68.470919
53.448165
69.160187
35.956500
16.232866
39.086300
91.526719
34.089992
40.730814
20.595431
21.738191
43.579474
47.542138
43.785168
52.057955
51.528811
52.225829
61.867951
18.868030
18.399307
72.249509
37.342591
65.474143
97.038806
29.281527
41.425145
57.690339
59.222221
82.950148
57.579532
13.960202
41.214218
25.744050
65.956755
42.460832
78.918890
50.021323
64.361294
97.413749
109.887834
54.120670
53.459035
55.994842
65.579267
66.486930
46.886494
26.086836
33.371910
47.492767
57.160100
35.025106
81.900347
59.021094
50.902916
53.349137
29.739430
65.418263
33.665643
82.358715
43.769886
56.261141
59.849898
37.208642
51.564162
41.021752
47.249232
50.636148
45.060727
25.331303
51.058642
38.618294
70.877139
77.145133
57.478928
21.475893
49.544943
70.233732
29.661375
70.595098
45.601474
77.931443
66.318321
55.520402
108.204171
31.218907
46.341664
54.995913
89.342732
45.027610
56.151548
68.195627
63.788733
79.258670
70.677294
64.351318
68.959849
16.109965
39.301040
60.007014
59.439006
-22.171914
54.375437
14.772507
59.417967
37.117917
55.260501
54.821396
59.395825
40.855131
48.238868
71.289375
43.610642
19.209358
51.064759
48.796062
38.259527
26.773531
75.102251
63.302455
37.818710
49.173540
49.019737
31.465614
-1.555073
33.181808
57.064196
59.952019
80.469726
63.798411
46.226200
26.981204
80.607221
67.325928
37.885781
82.372648
41.404589
20.979538
60.514861
38.919599
33.945726
46.437772
65.302747
8.111905
72.023492
42.634651
63.950574
37.123861
82.727113
32.486677
64.412085
20.258677
53.718378
46.657803
29.141078
42.795965
57.668327
63.633016
59.986474
39.538129
44.269872
60.584815
42.782727
78.831125
17.613722
59.120888
48.997942
60.357581
58.905301
53.752990
33.668648
37.616470
52.443858
53.355890
71.952935
30.360242
85.407892
25.984183
27.846854
32.489717
20.739929
29.766163
69.788391
27.024955
17.502314
16.848356
43.499568
44.640438
60.906175
37.365114
30.897627
49.581683
25.384642
33.743929
29.208953
114.261902
57.655823
6.280870
64.057565
13.935772
32.224182
35.727514
33.604671
22.810416
43.997366
5.870030
13.957700
79.329998
42.844832
62.897870
36.088004
35.723224
46.721293
42.272018
48.061783
68.421264
42.537833
61.736217
59.640401
30.749725
69.818469
45.814123
100.281851
8.324927
62.901282
25.768585
76.949935
65.445707
4.192782
58.086005
48.441605
87.492791
40.982696
69.998163
0.224276
44.517323
116.219676
41.155563
44.011747
33.123273
57.232004
79.753826
7.799334
47.920612
76.495635
92.643670
51.167615
64.444870
38.739530
74.122167
64.013543
71.739662
51.768431
76.742331
63.859992
16.498254
54.963884
46.335919
60.764712
57.491097
38.023426
61.040321
9.802441
47.567333
59.033443
29.409254
55.918614
16.264564
23.997569
37.700732
53.132750
53.792340
81.148531
59.221275
28.987670
60.118051
36.027551
56.920916
38.157595
19.760666
74.571428
35.134697
60.248378
16.480777
55.077646
64.610517
41.752800
79.731899
37.167756
63.143487
24.935549
55.231992
67.858068
22.584505
19.773922
64.508405
55.324568
44.789840
52.573748
37.216516
42.303683
26.902644
50.134157
52.784392
27.682886
30.523779
44.679030
57.937855
57.019114
53.806646
47.162350
26.906501
20.685444
65.938608
53.490491
57.985990
55.023809
24.526406
13.588982
48.098064
42.334317
42.598291
21.823146
30.927144
60.141406
53.177598
36.133386
65.110606
37.597879
88.444353
46.774268
54.205894
33.555127
21.305698
24.708407
71.041093
18.966983
61.484375
33.074251
49.851587
59.469492
26.167196
32.821327
71.459199
78.216884
43.866108
31.845024
78.126859
67.520317
57.426730
41.552397
22.572735
72.181175
54.347381
75.846566
47.791270
15.242614
50.457727
69.207199
39.158571
25.988967
87.606798
44.996237
32.849890
67.953769
71.772768
35.246461
47.451404
82.439227
46.273582
96.903540
68.088987
55.416272
96.409470
88.442238
37.024472
32.808584
81.506459
46.288001
55.352191
69.679459
34.058597
33.955318
55.189968
31.352047
66.004365
80.521267
40.519487
41.557022
36.524489
36.356891
44.107719
46.899162
50.990225
67.766591
25.606714
53.750965
85.608745
39.507589
47.912362
40.377937
63.017443
36.702323
65.469056
58.427754
52.583739
44.154690
25.029582
29.451416
71.420322
44.854216
-4.373956
60.148043
57.518537
58.097297
39.304434
71.422727
26.067990
29.477846
25.273606
46.826955
39.806036
44.474664
70.501157
44.479982
38.603480
48.067592
35.370580
63.157285
12.243824
13.984770
28.982306
38.347834
42.688522
70.562286
44.382058
61.805067
55.933323
83.744013
35.615830
64.008423
52.590136
41.863101
35.960176
69.179630
24.499936
55.890803
79.475753
22.899598
62.898133
22.122124
73.351195
29.867579
47.647527
66.050730
55.777765
53.687708
29.860825
16.865961
59.072133
60.248304
63.101694
85.419275
42.423882
38.525568
73.515538
44.541530
70.156271
82.498673
61.696276
62.065286
56.229028
26.039310
40.616458
55.229726
46.936119
11.157078
28.427029
36.114641
58.413763
27.024847
27.021737
66.154315
60.640328
41.039393
46.580693
30.222598
30.661528
83.859010
19.703592
78.770951
40.909334
57.368657
55.821770
21.261867
32.852959
43.317337
39.439204
39.076296
11.418301
61.493267
61.327033
44.914890
68.872348
87.677248
33.431807
29.504476
39.557821
41.910406
52.936601
74.107813
56.491954
26.469503
35.264692
32.954301
45.529705
33.893259
50.034671
50.428262
81.987055
53.094824
-0.679982
96.682223
50.701842
36.383498
36.114904
34.463095
46.922810
27.949086
60.661025
54.222529
61.951400
47.168077
22.839188
58.025301
36.711687
59.769029
58.151881
57.203088
52.720249
27.323512
35.151566
78.451827
75.014729
38.699057
46.194083
60.608978
56.096272
24.207729
43.228973
75.989330
27.888783
57.475699
25.650618
88.236003
53.660547
31.833721
43.410429
32.861496
59.025004
71.021563
40.074927
38.756883
66.825938
30.295388
29.294082
38.159380
61.972190
52.268597
61.279137
33.338140
65.575977
43.259515
63.640309
48.620876
70.115649
49.371131
53.944725
60.342955
53.596260
76.377082
54.284084
38.903021
75.627710
58.902245
76.309347
28.802170
35.536162
78.108985
41.820144
68.495234
74.360151
24.289450
57.536118
71.925581
46.022544
64.194603
62.701808
63.524527
-11.648263
71.400135
64.320206
60.784308
54.334997
43.747014
73.430875
27.725234
43.354047
86.559066
53.450863
50.440049
48.846438
74.013721
51.460528
49.549851
49.128351
29.853353
71.798066
73.186206
45.288053
44.896272
43.664472
55.669274
59.590410
38.113756
77.891133
35.222835
44.066599
55.471820
75.886116
91.234960
29.930194
46.329168
22.559504
44.185842
40.000273
-2.346479
45.607070
46.303727
42.029309
51.943274
51.417055
48.382600
59.481964
71.397123
40.100401
63.254680
57.674858
64.071431
49.633395
80.082682
32.240588
69.083772
71.571243
95.240936
48.590659
50.424899
73.513111
48.048757
76.729768
70.876289
55.760462
50.428711
9.277712
37.312065
73.978684
72.366847
21.649454
60.663210
33.238788
19.915356
67.322479
54.540979
58.681982
76.873549
43.388212
62.340390
100.702117
57.673804
32.551579
34.721386
22.832587
64.441403
43.869167
26.916599
42.686860
60.481160
37.206162
69.612617
30.245881
35.665115
32.836988
58.551702
41.514331
31.562524
51.934305
42.576863
57.426372
70.223886
48.177758
56.132314
32.685003
83.030901
72.535931
49.768064
27.248316
65.528565
45.743833
47.389191
52.751589
57.670362
62.177757
70.900949
63.818754
49.797126
31.188468
52.343827
69.260402
47.037120
58.015584
47.561983
58.317149
75.848729
27.017630
37.177204
79.183873
64.376999
59.181919
46.716738
70.657330
65.716351
36.228253
14.761054
82.935991
51.145569
83.829402
71.528508
31.486614
73.891574
57.196254
73.369631
22.492681
51.313338
62.408320
43.190280
25.212976
27.171001
41.093308
72.096644
27.052096
40.303145
50.643085
78.412734
57.879825
24.062174
44.695900
52.177062
37.766869
26.076137
26.360775
56.239716
44.278134
50.293748
94.115873
39.021749
51.258793
47.869252
53.606497
70.523954
54.881018
47.405329
77.976983
75.954376
28.897013
63.205977
28.758380
48.071126
40.682080
61.180250
56.236778
45.763679
46.119773
7.004368
60.319330
34.983043
63.133643
38.194636
24.606210
47.665108
69.436737
67.728731
51.420618
39.888404
44.344605
26.275693
24.625617
39.674582
28.377630
46.255844
63.315180
50.819278
39.361986
61.536218
58.069777
68.900300
92.587902
46.842510
62.565265
36.274811
46.717417
37.769608
44.746507
67.659564
59.947481
38.702840
45.957927
55.125004
35.030824
53.406877
32.702039
52.610970
49.872015
61.481574
54.406913
62.129589
55.011872
77.367967
94.130897
31.671142
51.606131
49.805146
77.086526
72.722075
50.385604
23.026028
15.491845
38.901957
91.032118
45.806980
64.909204
54.287093
56.976539
64.247757
26.782035
9.415002
63.220426
40.830453
47.011771
34.863869
63.299657
11.250622
95.852769
68.740097
75.090569
26.806642
57.263338
36.379555
46.969105
39.020711
53.710727
8.451714
41.876605
30.838993
64.376327
62.308203
56.715428
64.078780
44.464496
21.697907
33.376603
25.356138
71.449299
70.196214
60.269357
43.209631
61.553060
86.228708
20.029978
38.343726
18.854209
3.662240
30.700099
38.289392
41.910991
56.223223
44.194320
63.293772
42.172375
32.601779
70.296075
66.452304
4.854561
84.960695
48.710855
38.928010
56.533517
53.193974
22.690707
83.494575
18.507481
37.147138
58.122880
50.097342
59.772972
26.707879
41.759123
57.170320
34.130834
56.973358
37.669830
31.943722
60.314252
47.427685
65.431589
66.941659
20.448791
65.074201
22.841186
36.818133
51.195015
36.000293
60.891123
38.846969
42.662247
8.492335
61.955407
17.454291
47.322954
56.136583
100.762067
59.124656
40.887579
90.208131
43.950837
58.128252
-10.592577
10.788845
33.667726
86.683495
17.530643
79.893722
19.948925
47.926698
80.249565
55.303249
40.238344
61.121285
52.609284
86.683581
72.535173
68.672960
62.104132
41.889420
30.585201
49.819174
48.533705
78.892609
76.832360
30.057120
13.203287
47.542970
38.507229
39.626956
43.348938
67.508336
49.175085
73.956453
85.289884
18.990234
35.195814
92.598192
21.512652
71.278428
41.676782
66.275597
53.172414
70.979902
30.517960
47.299953
58.775706
32.433498
71.472780
36.528255
72.778775
28.271325
71.197748
90.704931
38.713026
39.710778
45.731720
43.201301
28.655112
59.424614
18.115526
31.246894
71.962285
54.650719
14.261429
15.320607
57.347624
31.355708
77.958411
57.228808
69.600219
67.882197
51.976066
58.041231
41.908050
27.415154
45.611145
94.423375
37.883613
72.060700
27.266115
45.474926
41.626103
60.651540
18.168626
47.965285
77.311850
47.418158
38.095610
24.245162
28.622383
37.833331
65.152938
23.716595
53.334142
41.607094
72.318992
1.310423
60.525800
36.450582
41.837029
31.040362
75.183807
39.672107
36.800190
42.162307
35.994799
44.833920
31.696325
67.003653
55.515052
54.783515
74.540655
32.457486
60.236947
42.232116
59.889886
51.492709
75.815035
62.378835
27.390594
31.312451
75.754138
62.638341
61.886507
38.401594
31.471299
59.773835
65.907862
29.537358
72.799511
67.693047
59.814346
63.060454
29.939166
51.055875
6.777974
-4.397735
72.275773
38.779890
28.395529
51.403602
47.033212
65.151282
48.047843
44.687094
27.360507
47.528341
29.229178
8.128654
70.639219
44.288787
53.677536
28.080906
48.291613
60.693256
68.173031
45.207748
56.672390
56.858404
49.854251
56.935849
55.836203
67.237644
40.987720
99.847358
55.622715
63.460359
70.286486
58.336489
41.019359
56.193200
59.976662
53.503956
34.836676
64.825954
33.107328
58.075036
30.049494
61.992948
78.235934
27.146111
47.463901
53.405860
31.826718
40.386528
39.186963
44.470502
38.609754
59.406820
55.473241
63.484494
51.898925
32.967053
25.801975
53.604140
-7.048863
30.623627
88.333901
70.478243
55.625162
33.462451
55.493692
69.787937
24.742550
35.216307
33.543182
27.861468
74.114025
33.849353
51.485253
39.225043
26.546306
31.536402
26.957861
71.329940
76.458857
53.120238
75.277326
36.641981
46.569698
49.126142
50.961524
31.003460
10.910565
43.505667
65.116452
45.157797
21.321695
12.873013
66.476379
66.425466
38.598557
56.695924
61.703440
42.806781
81.454053
19.002180
21.893486
43.483349
23.581405
48.945591
41.951967
47.349951
35.801947
46.706989
39.092460
23.889688
90.275389
69.014404
76.997859
62.028758
56.523330
64.890337
54.047961
52.655506
66.701611
51.348136
61.960966
36.503247
46.912444
46.214965
49.183715
62.657960
-7.053241
78.071189
30.967246
5.758728
27.958293
60.808602
28.691439
47.692869
47.262148
22.509781
49.050371
66.659519
50.451344
57.359576
36.356006
74.940870
63.942977
26.717867
29.805938
34.681167
19.238699
46.509324
55.369466
61.827289
37.775342
11.088121
48.963987
54.397420
11.159068
19.999893
27.733916
76.636210
32.307424
58.378895
40.779453
22.833215
58.876931
42.371577
42.608415
67.334982
20.134866
79.458761
63.504273
86.299504
37.228627
59.325456
43.921480
48.384859
47.117712
69.172147
82.484329
69.610981
30.372693
66.488198
65.000869
40.095684
30.586823
71.987947
19.573120
41.029088
26.803898
85.761533
31.684419
59.275777
87.782001
23.804260
31.284175
60.361632
62.740195
41.448819
48.832251
42.739540
71.595785
51.262199
78.202797
49.190446
60.221776
36.638576
69.949244
47.824324
73.536838
36.568739
44.092672
45.715284
24.807155
37.463095
50.677598
96.771784
69.775419
74.405566
75.482173
21.224746
82.481824
66.163144
37.353904
91.281395
45.081957
104.910015
55.592702
51.074310
62.647441
57.375808
87.139237
67.398962
43.214929
53.966751
45.817581
42.294520
64.290191
21.941092
46.496957
33.090675
32.667868
43.357104
56.268512
73.392666
50.205766
20.582808
54.549725
56.383903
39.758495
-3.002006
87.795697
39.286490
17.687823
50.015280
50.140358
29.273259
55.641596
69.633104
19.369943
49.025545
92.003178
85.031486
59.553165
65.640247
50.834677
67.776455
53.256716
43.169193
66.700096
32.092368
51.940554
63.408637
49.229701
26.728078
53.420836
60.483677
65.187614
34.211522
61.141337
71.343631
38.604696
57.261142
57.304549
67.075796
72.483249
41.600098
92.442283
68.763248
63.940948
34.944790
72.138964
15.629737
55.754427
63.778700
37.653934
47.032657
13.786727
51.779153
26.261627
74.127426
70.570386
57.489583
92.600954
48.838734
65.618512
69.077516
11.637723
63.517329
85.863745
46.167833
68.435720
61.362915
34.264102
48.781591
33.617029
39.848469
11.866492
32.943483
73.100290
27.850514
49.759384
19.107593
36.084942
29.797422
29.307767
54.490678
68.415938
53.879802
25.236995
14.637999
38.542181
25.315795
24.552163
27.052103
39.507419
31.577457
80.375989
38.212427
51.221359
79.529491
65.356727
66.784031
39.977146
44.827534
42.211520
26.729374
60.387035
41.077304
33.940657
76.034785
65.283009
20.366250
34.156905
23.203985
53.237022
16.534864
41.899043
46.123947
61.465301
58.667061
28.629785
32.048935
39.617296
72.067299
55.500442
36.810297
85.735960
22.683377
68.282846
61.097545
68.143594
36.721813
46.655597
49.979431
75.707795
69.374832
49.275108
103.063116
52.295418
25.514764
51.280432
54.812974
27.814930
36.652492
61.344428
32.825828
56.773460
62.352424
48.091651
25.433522
70.806813
84.081132
3.564118
82.443057
58.933685
65.355744
49.630390
35.652701
65.794999
24.274419
51.924120
14.463593
59.447988
69.924388
61.777659
71.171811
34.658260
69.448127
54.038379
35.353168
68.488250
37.081323
35.618869
14.710499
57.090890
42.079419
39.820427
43.579531
67.426297
74.199817
23.332432
81.214284
54.948290
71.175413
38.897035
64.247810
61.141821
58.672626
64.810484
43.121610
41.878708
68.642780
78.010422
45.856243
47.955124
50.714910
62.099226
43.084499
54.964657
27.936189
24.003017
45.622903
48.485012
78.441034
43.370067
58.169315
42.163885
49.575220
44.540930
35.651996
39.596624
34.055655
84.513443
78.375808
23.728770
48.600257
38.628313
55.494970
34.367698
19.410244
47.165201
53.333936
62.524258
29.694658
46.119007
32.989541
53.442622
62.992143
59.150930
84.064398
56.931607
33.375414
26.903364
29.632008
72.954585
78.437819
41.417977
53.367571
88.772193
40.367961
39.846157
66.840753
72.732556
67.167970
50.695547
23.742701
86.012319
31.496239
67.773575
43.765421
51.335992
61.645971
43.081539
48.477750
50.980155
41.845228
51.112588
29.768699
65.454934
92.363234
73.082241
45.824728
90.963078
23.888347
41.426440
68.622268
36.512487
34.018579
34.563790
49.942464
61.414571
72.375958
45.932266
57.522461
38.289677
52.360505
52.729128
60.521265
29.113760
30.050465
54.356909
5.356159
38.791270
38.631385
71.483860
54.850949
37.133952
-6.266539
53.176312
57.064323
23.513232
63.087325
41.851232
70.843298
70.253546
57.867201
42.563707
14.495600
54.973191
73.066444
33.391351
30.389660
79.516994
69.543526
87.307537
38.953488
32.171246
27.670193
49.836448
68.462421
66.940767
43.427047
46.600827
37.241808
48.652074
26.766478
36.138555
18.858304
43.974051
37.421355
57.561854
39.186922
52.558451
77.004998
41.943591
59.701524
56.057231
-0.323203
30.808853
64.471520
38.853874
72.489649
63.712821
86.851028
36.727241
53.464437
57.136745
65.678180
68.491508
44.564301
76.418570
75.026659
29.619258
40.690559
50.762895
56.777392
44.898255
53.826767
34.892904
29.987834
39.992700
53.133961
68.318887
60.673561
81.179035
50.175408
38.157856
39.124990
52.057360
58.669581
64.191925
57.816958
39.834646
56.821640
74.449011
74.417639
72.056268
73.445781
38.680348
28.962740
50.998993
50.114964
36.968334
40.480266
54.477249
41.981359
58.691162
73.014803
57.592873
39.288787
34.776137
18.956441
13.064006
37.190179
70.334131
26.192911
75.336398
50.184577
27.728640
48.103736
43.553020
38.137589
67.681453
57.947716
14.031338
74.947983
20.471829
66.190973
83.178625
100.915571
29.794470
55.300644
58.253382
31.113823
42.326179
63.756549
54.112873
26.796729
61.586921
57.653039
45.812033
44.431989
54.143528
52.548009
42.919330
56.001371
59.215266
54.827671
59.733769
45.327276
83.195025
57.047214
68.821521
49.761077
28.375879
61.786087
75.125345
67.517775
48.442440
50.209875
76.324298
58.102385
63.398621
75.716063
23.025716
35.115829
56.377478
46.516844
74.199617
24.158059
77.617347
46.918709
53.597151
37.763021
41.361605
40.318951
52.905492
51.049318
41.273209
28.121386
45.691491
58.698601
33.129361
18.678792
28.657134
53.932595
46.899054
38.227421
72.981124
81.993809
37.847009
19.520785
60.693599
59.407624
60.379632
71.230183
45.344276
31.952682
43.991142
75.393581
23.490913
63.649601
6.492900
65.755545
78.289326
53.742672
66.483124
27.097563
45.982971
50.560125
94.056751
21.113864
30.535974
69.760385
76.371870
71.217273
29.044997
50.071347
53.839342
63.240348
53.901809
64.534527
16.503859
54.293191
27.226236
70.660321
61.808795
-1.811766
42.986202
38.463677
80.316729
17.196159
39.492211
36.015762
19.871409
55.279900
33.054074
81.924857
36.481999
30.478928
17.691682
36.784711
69.135498
42.595474
50.515940
65.148264
51.206774
38.233264
51.870113
58.875328
79.166123
44.067595
38.540211
72.148378
31.879634
28.609280
45.717679
62.024263
57.326210
54.580024
63.760816
33.738922
48.381333
59.111813
43.587162
64.293196
58.567337
67.763076
62.579731
32.385507
64.881608
77.665941
28.858696
66.751395
20.694455
35.763500
42.363953
67.121447
44.236612
40.810580
49.849099
51.509855
74.958347
33.629753
91.022350
88.067008
40.441259
79.792774
58.153229
25.324992
9.234111
71.433918
85.127973
32.228878
51.067038
42.238722
10.490367
29.699013
63.621396
73.864584
20.417202
45.681599
15.559706
50.394766
44.229291
92.925588
76.779438
67.751454
45.188247
25.010531
26.200492
71.559690
19.254173
38.107280
26.336308
71.017184
51.416936
37.249938
62.466159
24.511055
20.208231
61.749783
61.842647
62.150382
64.417359
-5.864344
46.523067
24.364988
24.687307
56.738484
16.132627
57.474729
32.249029
15.199781
71.056344
14.341937
63.975251
51.194553
33.633341
56.048420
72.148915
46.654318
61.574412
61.787761
66.655971
11.546043
62.532912
46.033625
36.914084
42.974426
63.009247
53.007011
61.342768
23.068376
70.622127
47.415829
43.691116
81.834903
56.786802
69.089665
41.427300
35.273247
43.620895
39.945457
71.608767
57.174162
78.023036
30.198292
44.152617
92.080348
61.736662
68.389579
50.412559
72.716307
44.074249
29.930603
37.640664
61.787570
70.663965
62.999187
61.444034
79.827175
31.964354
65.258037
63.646809
8.997934
53.975133
48.075087
62.637087
15.064439
51.721832
38.458820
24.269620
47.603794
6.030455
53.334585
32.865500
73.918878
28.071611
30.626107
60.001532
81.173696
58.020198
59.444931
60.827676
72.773814
40.820039
69.697419
6.667791
5.911878
54.141488
50.982257
74.252048
74.086382
37.118256
58.036175
65.851229
89.249569
27.510612
77.697822
17.177279
50.503475
93.929806
60.184720
86.815944
37.555149
34.600320
30.721968
47.291966
51.848663
70.195786
79.903401
42.254461
35.344354
62.226003
-22.315055
39.054964
39.802990
45.297540
34.580238
31.713378
25.953792
33.508711
67.298983
14.207286
51.900409
60.737336
70.468462
69.408422
37.365744
62.397751
42.603647
106.176758
42.914111
73.306911
42.022082
57.249592
42.000631
39.366579
34.752813
65.630303
62.921762
62.099463
42.230033
57.926561
52.899631
68.904918
45.886385
36.815347
53.715988
51.499448
52.672709
20.641967
54.691599
37.352867
34.750517
69.871314
40.871845
27.926080
46.501943
54.691578
62.896077
35.920776
72.377188
86.698709
76.663630
78.701438
62.456146
26.827088
25.640050
51.891260
19.124041
42.743080
36.050197
52.361074
9.555459
65.971228
49.600555
12.145902
46.602467
58.640583
26.639698
41.725886
67.824280
53.166841
57.800462
57.091935
50.156735
19.398572
24.218742
31.406708
31.518337
51.399686
41.892946
38.776138
64.840352
84.294242
73.292684
53.982386
82.711566
40.774365
18.275710
31.523276
55.620724
83.318984
47.702992
75.416645
37.872114
59.383332
80.572715
16.464369
27.930105
35.499686
78.206795
46.611841
71.694339
37.123229
50.710318
73.017108
52.363574
77.875269
45.520674
56.182795
62.829257
40.776821
17.828856
64.393239
15.847428
67.069868
85.761415
57.982493
35.440842
50.596710
39.872483
38.766558
32.694783
11.870903
62.896967
49.183708
66.432550
35.217326
49.123363
79.585692
53.878954
50.074172
22.314644
73.912389
62.874341
56.866344
39.592251
55.078230
74.153605
81.077609
22.344004
92.409610
42.480573
47.663362
37.589216
43.341332
58.434276
46.680299
69.845695
25.119154
60.113112
58.393106
42.379636
43.179510
59.224435
47.715267
25.672817
72.527262
28.843855
35.855846
55.672002
50.565922
56.240790
63.388747
53.353686
63.087311
76.160530
50.028316
58.452543
40.469247
72.658905
36.252529
33.576542
54.593112
37.978668
45.267750
51.572262
33.103588
52.079203
33.445343
34.109200
74.163044
56.827605
75.409550
48.227199
47.742611
43.598633
72.418176
43.724925
69.043146
56.600580
63.688242
29.304302
34.022234
45.725265
70.460357
74.763197
28.997165
58.031554
56.164087
17.705320
18.639007
69.375847
24.027370
60.123986
62.185656
66.380073
62.700602
48.885988
47.788023
85.262440
51.461895
56.791756
-4.049901
69.332475
33.173914
89.541357
65.720358
70.949245
72.446634
51.346855
53.451313
54.796878
28.935558
59.721609
59.550996
58.963258
43.933343
49.823316
46.127447
68.850013
31.661803
47.435799
46.487201
53.771354
24.639770
8.724794
23.123063
25.739448
-0.032558
39.791684
51.298726
61.035902
31.630806
41.711236
40.438519
108.250566
33.859555
35.557784
65.256136
94.304912
51.847724
65.098679
73.245984
48.038549
69.368445
59.085470
48.915629
48.124803
38.097760
36.334473
49.889121
41.059949
33.733544
14.361706
88.054011
44.195150
43.057425
79.067638
30.545741
9.706330
47.401330
45.259311
55.822731
44.094104
-9.352054
58.927256
71.913306
41.722665
90.935257
68.988326
62.091329
32.005872
36.864259
18.002624
29.796484
25.347298
45.708539
35.945089
21.924802
61.789054
29.348879
16.207586
49.211016
55.671333
87.948354
68.038349
33.575821
14.607741
23.803321
27.755728
46.044124
69.428258
4.381339
32.838035
32.366611
41.630469
56.927456
46.121006
35.797463
31.337151
29.671440
27.634922
28.246293
50.698974
49.619122
45.629341
36.894091
77.048078
36.408997
78.189730
44.992633
23.157437
53.226121
69.447329
67.528359
13.467046
36.132918
53.447799
53.293388
96.156148
42.246988
30.163599
73.780549
42.249602
50.574056
48.577315
47.538573
79.045016
61.252646
43.400575
80.465518
45.017729
62.962669
58.360646
8.704435
57.981119
49.169507
43.808307
59.672103
46.401464
64.304886
81.162994
92.010387
43.725541
55.169184
55.151551
63.472521
87.368241
34.535590
71.371656
75.649178
62.573883
44.014371
45.810918
86.335764
35.162503
24.614376
49.182144
21.679042
59.933543
21.660160
47.875479
43.837096
67.976876
38.785070
18.513077
60.827904
42.223232
57.290019
19.234082
73.599686
66.503942
57.966207
43.546985
37.528389
41.291592
16.834151
52.920966
14.706686
49.822088
30.186524
27.536671
38.646236
58.070063
74.210947
68.391682
29.490272
30.733947
23.578752
42.349738
38.469181
56.831419
68.062253
68.581087
56.363588
13.178185
69.684053
70.656095
37.484663
49.852373
42.280374
47.168716
24.498123
39.433814
45.472093
40.938939
27.417370
37.633524
83.083698
9.373868
27.398002
76.968937
46.200873
0.389175
54.794828
51.657844
78.791609
60.270692
34.668293
-4.339569
80.426235
26.447189
24.743992
58.182571
74.277569
57.046341
48.095015
78.270952
32.944786
41.085776
31.299241
51.270339
47.471244
52.867044
47.228193
73.075207
84.260219
46.445200
67.297407
60.644615
46.988347
89.574541
57.467577
35.887085
79.801290
69.078824
75.767520
60.307429
37.466758
57.140604
41.255615
41.066873
38.527479
79.934072
17.410069
51.879060
29.773089
50.088356
66.048296
53.891636
48.278146
27.950030
65.593486
49.860501
10.570380
48.314255
40.229555
69.354425
76.220480
26.929126
26.532404
36.582279
18.114355
33.216847
44.358134
78.799888
42.888634
16.000437
44.527569
58.684429
32.398359
75.651274
47.542851
79.750346
43.458707
68.416540
26.360687
12.621932
63.846933
23.055736
68.302183
69.539322
43.326150
14.939660
80.269638
69.075890
51.115582
54.898254
83.106062
23.600670
18.861945
10.062075
26.108700
53.071242
71.573118
59.154853
25.480251
27.760595
2.311340
43.174675
57.866158
58.667410
22.547732
40.248899
40.489694
73.612397
46.821140
82.194965
42.255672
31.705874
41.975691
59.055381
47.001620
67.336834
35.452481
52.956564
83.491225
21.529120
57.452779
76.086447
60.535389
64.925070
61.577489
57.431900
42.439998
59.709217
42.647966
49.129899
44.903934
20.659444
53.819146
35.847313
58.707162
21.931755
27.947948
54.747018
56.607321
46.795114
56.220216
15.925005
63.391843
55.563552
23.990350
57.101405
43.259696
58.869024
77.163266
84.532222
44.262283
67.925797
72.976671
50.192385
42.930734
53.295006
74.967981
61.584783
54.264972
45.286758
29.942560
23.956209
44.199257
23.605220
19.375188
48.642981
49.208313
66.076023
62.776550
42.449347
43.222642
70.492614
55.955195
47.172450
25.382037
23.094287
31.571063
9.396622
68.959329
66.704303
66.590543
48.529258
87.475839
40.228587
48.389176
55.202082
53.014221
66.400597
49.300210
76.452801
87.411084
65.851180
8.939027
50.475309
53.811187
73.098115
73.823566
31.019433
55.140554
62.903905
49.686495
60.278252
35.564867
46.437350
53.089331
44.542166
28.974961
12.032689
103.795902
72.003605
62.584875
66.955076
64.814546
53.121503
78.033300
74.403469
67.912573
23.032777
92.674871
53.335739
38.990475
39.431660
50.226107
21.740469
52.686193
63.337121
50.391603
58.591271
24.032153
43.991203
62.702712
73.193800
46.364794
50.500717
45.449332
54.061604
46.005038
57.034226
41.846399
38.771792
14.554656
23.873544
38.019160
45.982196
52.351990
28.587708
40.327758
17.886931
68.333287
26.292849
55.559053
53.698659
47.278630
68.150346
56.757706
62.131694
48.952082
45.682365
4.845123
38.352332
68.019650
53.000388
65.272607
16.337509
66.003204
77.548781
-0.473884
72.645977
25.246253
61.232582
45.795047
51.776619
52.705698
73.747570
17.685075
21.218007
42.917372
34.783842
67.519294
34.673311
53.073510
49.500448
51.152404
42.241634
66.847196
57.870085
27.316019
69.761019
51.195642
26.781505
66.855219
66.139380
51.256895
52.465525
31.458312
41.714076
52.668104
7.137428
41.315566
15.827453
47.576529
76.068791
32.938520
98.281337
99.136035
27.850900
22.926337
58.385342
64.370535
38.481766
71.857142
55.483416
7.718404
47.713827
42.993112
31.763931
52.654105
58.826484
32.794055
12.080715
18.060007
46.124111
57.374537
49.678248
35.892256
43.062819
14.881963
79.607343
56.866548
63.589401
79.434485
47.619901
35.573763
51.209776
20.051507
57.466799
46.215177
33.437818
39.920884
68.256715
71.450131
50.221390
48.562818
40.854069
44.002569
9.086121
78.943409
34.512632
73.068016
68.776089
59.464499
50.053332
74.489951
57.968921
46.065120
22.264301
20.165907
34.156556
32.475781
58.770815
48.574449
50.564307
56.573257
69.673428
79.514433
55.028575
49.450803
61.285807
43.666525
47.695861
57.066782
57.997467
39.921739
58.190657
81.181422
51.980628
69.753862
32.962096
56.303929
74.681666
54.320651
15.774629
42.655002
48.915635
35.589560
67.157685
47.128221
63.524771
32.877331
47.281502
70.511313
12.970165
45.757490
92.970614
46.201578
76.001359
28.061067
88.566690
63.104236
68.236731
54.217839
33.464440
21.372878
75.622121
64.052675
49.905325
50.814515
43.329359
74.453307
43.523359
88.317649
30.322796
38.359717
67.503625
71.635733
38.533219
37.668619
46.030878
56.207167
50.631736
67.636089
13.357778
47.522219
69.193653
12.371278
70.821434
72.977040
66.011302
53.102699
42.965797
92.186816
72.892516
44.593080
32.331023
50.734726
43.208666
53.235537
29.368674
19.935204
53.592113
47.999609
31.462300
55.665174
61.671270
62.797775
22.463376
54.583730
60.290890
75.713587
67.187632
48.655831
76.031743
43.420292
83.102557
44.743195
15.603682
58.240359
36.344952
51.939985
48.162750
51.196941
79.690759
34.437165
60.273179
61.868694
43.757009
54.555739
-4.985278
81.032999
59.662051
43.926017
70.824771
49.002413
15.867118
43.428300
72.898485
81.347364
103.383536
65.775726
25.682716
55.508027
31.909099
26.700820
34.154318
33.384061
4.147048
47.740796
60.677938
67.726442
41.482801
36.087040
37.713682
14.803704
63.507600
68.559957
61.981144
82.478309
50.171831
70.322717
49.457358
92.444988
28.131055
18.689769
14.725540
82.198059
68.954661
50.999620
87.057766
63.265771
39.600237
56.951941
62.035888
64.202010
46.228999
50.755537
93.031554
67.835741
83.563048
35.928628
46.214445
75.063994
68.341373
36.452359
52.555260
62.246490
20.520239
52.985488
39.716422
71.532830
50.750006
55.036648
47.999002
31.333561
28.840503
45.752791
79.734776
63.103907
71.908583
46.371872
58.211758
24.511314
54.899604
31.186396
66.924975
53.762404
-0.496436
4.909316
66.173116
48.689993
42.574371
50.638947
40.989179
32.814682
31.165907
14.560190
69.690298
31.343360
83.589969
79.397630
84.777483
46.401833
36.967813
39.775239
60.644782
53.944533
62.842727
27.448559
44.827297
52.011426
35.513470
75.490685
46.919374
84.127191
15.911045
54.804180
74.788557
14.820666
25.445703
74.129471
27.628457
74.775477
57.883214
58.359024
52.643412
56.561157
34.294717
60.749886
44.911991
36.746578
58.316016
79.161213
17.856000
81.015670
38.842648
61.140648
25.100606
94.262598
72.795515
56.853182
62.316685
64.691971
15.424281
36.781650
32.935494
32.028142
41.454420
37.928820
55.419373
17.834108
61.689985
59.060235
111.139299
40.493931
60.429744
56.243324
43.575202
4.778629
68.787821
48.391030
35.806689
61.104409
41.475600
93.560662
34.762786
46.442568
50.836003
53.758673
46.197501
56.051566
49.859964
97.706929
60.824035
59.419179
56.886350
53.687854
61.793512
45.580882
59.356714
22.885124
59.656450
61.269424
46.233670
57.460207
41.905485
47.935983
34.345816
46.806485
42.644652
36.495086
58.651012
48.504911
79.201199
62.785746
32.005594
46.684829
16.368800
75.794695
42.905814
44.434199
42.977012
31.555501
64.484862
41.675903
78.939568
68.287186
43.003124
22.809535
77.180056
65.441621
41.307716
54.899924
50.816801
57.279039
50.559830
39.937074
75.210966
62.235795
76.157655
34.120074
60.111788
28.280416
27.595421
33.102462
65.472629
76.955861
56.762187
17.870572
24.020836
34.258461
48.148928
72.860600
31.790683
22.986917
47.375537
42.414055
52.737513
49.187799
61.967957
65.909215
46.454059
21.141730
68.157319
54.969774
36.260883
68.393433
50.943479
29.460290
22.598877
48.088983
73.489789
40.290436
78.910984
56.360702
39.060156
53.034772
66.372308
50.919117
47.920503
37.505412
12.707745
73.048997
57.606832
47.572875
37.514008
52.725106
38.574194
16.707077
50.487661
49.331328
42.163026
67.145807
91.330285
84.798945
66.360996
32.607198
60.811706
76.142403
38.146041
46.746905
46.520683
51.193386
70.634050
67.658549
70.644232
73.634092
17.237945
60.624881
96.857353
53.663941
31.796390
66.175308
71.926011
72.622550
58.791219
35.445036
54.568736
35.860993
57.392281
60.310394
31.319895
43.427774
36.501961
45.028734
47.592817
52.948991
38.635330
44.569536
67.136425
66.892979
64.099657
34.932275
54.835349
56.367725
52.475063
28.193343
71.782545
55.838068
39.228054
42.079756
68.188030
39.273697
51.610878
44.052549
50.613246
64.232908
71.861993
50.480447
48.142915
58.549980
40.208272
15.147478
47.608079
37.169977
26.193563
44.391922
41.161972
62.556135
45.729011
13.079240
63.852727
56.563552
39.179825
5.109637
35.908151
35.083644
6.459093
18.433636
32.182703
39.620289
51.607371
47.175079
62.888912
50.489494
36.276662
66.281322
37.552789
75.587122
57.053730
45.150497
77.450749
57.230132
71.037985
64.196845
77.400717
49.391675
45.403678
15.647706
62.052056
-9.791125
76.553009
38.927627
58.605919
62.170863
8.985563
0.116271
67.353897
39.321134
34.531827
76.061119
67.831176
17.479239
45.296562
32.287714
34.042275
52.734531
32.024360
46.988110
32.476504
39.766571
65.300850
83.226000
61.887849
69.036583
36.008560
103.888908
34.723272
74.400410
53.874558
96.285984
64.428386
56.905940
35.594263
61.138033
47.830059
38.329938
59.897362
57.817884
79.546921
41.298846
16.044400
61.884019
86.224633
50.648964
87.249396
51.508860
63.934314
84.131362
30.501602
34.936391
86.488277
68.917491
12.050650
14.111904
43.868796
87.361591
59.233372
56.612978
23.718403
59.678554
28.496233
24.330496
74.708206
94.299961
32.581658
67.510997
60.623640
38.187433
29.392143
15.634023
46.779490
12.717755
35.993477
20.846062
78.877865
76.213839
27.649205
38.962051
61.053938
63.209247
38.538290
64.052304
43.033981
19.095696
45.555486
55.436192
57.974204
77.888337
79.230598
46.663339
39.715159
63.273835
38.284677
41.818955
63.578578
43.326864
70.212366
62.371401
85.647052
56.690186
37.345587
42.663398
58.785369
89.836973
32.491679
24.407633
51.833261
59.413846
51.316169
64.373500
66.418151
35.991990
42.006528
77.753852
54.614786
81.834443
75.348362
38.746015
46.236541
27.165680
73.824544
33.095617
58.123299
53.122375
10.342813
51.697542
39.133550
34.005348
64.449792
80.468361
10.323594
61.990147
46.308834
63.932645
61.751216
56.984563
59.056637
78.740948
49.473766
65.256192
65.446040
61.178460
89.757481
49.998909
68.982718
65.896700
69.452917
40.485819
44.777732
41.145447
73.523384
28.600273
76.816753
32.566547
72.799357
27.664421
40.372220
65.051723
26.682750
100.691934
86.349463
103.187660
63.954386
57.202969
54.434660
81.003669
48.376161
45.182926
75.176264
58.512702
24.620287
42.486736
58.175491
69.177363
69.586528
12.342523
42.463277
47.969881
21.377468
32.781839
8.805805
63.819739
43.924888
46.621011
49.159576
28.992960
46.694080
49.647020
36.249136
60.704278
61.921971
34.499454
40.495494
35.811223
62.312816
76.603403
29.350893
18.737480
24.382130
54.333925
24.028756
55.176675
64.584403
8.117643
44.866739
94.796364
66.802360
37.365246
49.284669
37.783673
36.171055
42.765385
55.393643
38.078786
58.192992
30.711357
66.036578
69.209150
67.459113
74.878937
58.704591
35.562551
23.369292
59.318064
61.712624
32.388401
35.895250
33.776670
32.593077
47.694873
26.289246
68.088903
49.455596
74.151933
46.153773
36.082769
11.593848
18.385861
95.093432
51.932740
64.200284
71.773496
59.581492
66.993092
72.381863
42.518342
51.308521
45.586107
47.399259
48.932948
69.338415
35.761411
37.641201
86.660711
73.695596
59.231564
48.461007
68.479878
54.950950
64.751417
17.660894
44.871323
67.678699
58.800255
76.808643
72.909818
28.801144
67.028925
35.258174
34.859844
54.185820
84.718759
34.887700
77.170545
53.177547
70.238930
68.725594
66.447315
41.072991
58.578127
56.995113
44.699061
47.584196
43.237202
48.403040
21.819507
34.934702
43.167006
40.872587
21.344196
74.167840
53.956213
58.247895
53.625534
64.916089
51.193311
49.956601
53.518963
66.000613
46.696435
70.834806
38.698578
56.466674
72.491297
42.446546
21.960065
24.855120
50.057560
55.682859
20.544183
48.286209
63.718088
63.192390
73.668057
77.374175
51.449948
57.262035
88.947826
50.225284
40.881021
45.291252
55.697126
54.821156
51.332152
17.690616
65.949871
50.795765
31.396308
58.717343
33.577171
65.839359
68.504037
70.409259
64.697479
27.909943
44.718379
78.910920
58.727273
22.567375
43.909794
70.213864
45.824809
56.605399
75.371335
26.804449
65.618867
45.679141
58.113983
81.463081
31.587648
66.032245
22.601127
18.318415
30.008979
60.357474
48.120627
84.828019
46.374025
29.580843
27.508133
72.810511
53.327703
64.062848
55.283230
51.692905
39.909720
77.497763
61.254989
64.529403
22.386848
80.228789
27.699494
62.573004
83.278835
43.228469
32.967500
82.868703
26.057138
54.980021
18.719732
37.993027
59.548960
62.665206
12.560505
21.843948
80.979253
40.856234
31.818502
49.232121
32.941200
26.314019
40.347637
20.832179
8.638200
19.261910
47.035534
41.495875
87.608436
55.892794
32.543631
63.517478
62.719407
35.909732
70.260934
34.551273
56.450800
41.222764
65.991680
62.222587
39.373067
58.834622
61.639801
73.638614
39.429042
70.146969
57.923408
47.690041
2.638237
45.819682
67.183905
81.853397
44.855735
96.212789
68.794868
39.244579
33.258429
27.574873
27.146038
61.957762
47.393137
42.579949
69.811763
36.320342
40.331633
35.361527
74.548247
51.560901
39.703893
47.601647
-9.202639
32.548412
41.122054
42.029898
17.711552
43.091347
70.054566
49.195653
37.413055
62.098402
35.996211
17.737748
69.173111
47.241484
67.100094
45.589527
67.921498
60.873309
73.157600
39.381761
24.406947
40.531416
27.555870
49.015940
62.307677
28.152442
28.941179
53.830616
57.393037
29.957533
48.204312
6.287222
65.336535
55.793766
43.759828
49.643717
62.970963
42.317266
65.349124
68.637804
47.129784
57.976649
74.392678
54.094014
49.249771
59.061435
75.830726
50.208511
57.576555
44.447778
59.331000
99.207044
33.950697
36.099940
49.058778
73.373466
17.984758
55.038973
50.075704
0.264345
51.604583
41.311867
62.612937
13.277098
94.219043
50.529573
27.137200
54.924183
66.432242
32.552517
51.953552
15.085185
57.346197
38.033854
56.463897
46.264209
51.417163
3.289184
21.822816
57.252745
67.171577
68.196260
34.618336
37.659297
22.710793
30.322673
40.143588
27.268497
56.666778
40.539318
34.113978
23.164801
55.020875
24.607391
55.304193
57.848722
40.257424
37.932950
34.844432
27.605898
53.373869
69.953250
57.886340
20.454695
48.006248
62.112757
22.051263
53.847249
34.754823
74.731133
-4.596314
32.616702
33.280263
46.508996
44.870365
60.949404
37.358863
10.035356
37.031986
39.984958
36.498926
43.869976
110.094359
38.200915
26.691397
19.666385
53.181782
40.966354
56.016814
29.146746
20.894067
72.216445
42.758401
46.392291
73.282316
45.238679
31.602817
62.669676
54.984172
59.841543
53.366507
70.559639
63.837317
69.665490
48.452704
58.881053
46.234150
48.973783
19.581026
41.162115
61.258306
72.880059
62.202860
68.462994
73.609719
64.260839
72.774949
44.726332
66.628988
38.123924
67.298871
62.461566
42.086168
58.431307
61.689223
49.110157
41.615501
48.218522
42.842926
38.943492
24.877427
23.154833
55.894389
42.938425
65.884650
65.387279
46.970733
112.297983
52.249425
53.151812
85.430552
66.990893
57.210893
51.179438
13.157562
35.018772
55.529888
20.454710
54.568478
74.323130
84.682145
66.238661
65.727992
31.057066
46.542467
72.623374
67.813615
62.363150
58.915210
27.845145
42.847778
21.544408
34.931317
59.356423
21.651817
72.490417
23.302465
58.293239
-6.976678
40.557506
74.614063
59.273254
59.023749
30.154097
72.415129
35.136314
40.723769
52.154771
39.580615
58.790740
59.233578
74.956169
21.880231
69.021005
61.378019
56.510267
54.897614
68.773666
58.579405
82.230013
37.507627
66.234231
36.982302
53.567142
77.566852
25.276319
58.663296
66.590501
66.639004
70.625262
55.035513
57.358382
35.783788
48.326659
62.093212
38.403109
50.367737
34.923562
60.273157
78.626691
33.186972
46.006803
74.945590
1.204891
60.068575
29.720761
69.567666
56.122845
38.903939
25.992998
23.574626
54.088245
65.693220
103.284605
56.556800
40.280013
30.992222
57.012604
51.954343
81.941353
37.838235
56.824116
63.329105
70.425710
59.906152
10.678890
65.135979
60.425758
72.943271
10.913617
48.376865
62.632631
48.446397
62.176544
41.311811
56.417869
29.475951
82.918374
52.534542
2.084145
39.046715
51.134433
22.636175
72.386579
55.904991
49.460477
57.381890
66.257200
69.743936
88.980617
79.749096
43.985051
43.343478
49.741802
82.081319
37.688992
55.314412
29.245396
13.449014
68.708127
30.921302
56.040354
55.328313
61.007065
29.058996
33.680380
21.346925
72.368844
58.410353
41.433817
42.845062
59.097675
54.360901
61.304206
51.320529
44.823094
56.781433
37.447788
48.448151
66.602376
59.342262
33.009001
37.468163
42.624580
41.845740
74.547348
37.885722
42.826549
32.533815
48.405223
77.070772
56.462805
58.110311
61.346847
41.509451
41.820267
55.904599
37.379649
68.822832
77.776851
57.194884
52.681524
54.220394
40.301582
31.863137
46.115561
46.649626
34.793695
59.560964
47.712732
60.343103
10.011683
43.506886
68.492225
62.536826
47.881248
63.980025
68.889672
56.990113
55.528605
49.026816
26.842854
60.397057
70.125314
24.198481
59.917208
76.807940
37.303377
84.914777
77.476486
29.830870
22.203539
55.260722
53.247750
61.604825
81.858399
95.609317
44.777202
62.752521
64.191891
69.742545
42.543715
63.922344
70.762049
62.640292
31.866010
57.757745
29.955250
66.232039
70.591401
51.389273
72.579540
56.826905
44.295832
47.159237
32.663938
18.476733
43.266654
65.734006
62.950419
65.024221
63.625315
72.818753
43.408065
79.769435
62.853832
63.909071
66.426989
52.067440
74.456394
28.378798
46.773330
33.491360
90.851972
23.346627
36.452491
44.030219
57.118484
5.181038
67.157983
65.816360
70.936356
21.875580
80.005227
49.795707
51.328711
40.660504
20.163159
50.506666
66.973212
76.153255
53.645523
37.476448
36.439888
32.638973
68.583108
58.466874
57.922512
36.491200
57.170782
72.082492
39.031307
49.060101
65.779233
49.507076
78.883289
31.472683
52.053159
45.243585
26.201274
32.351845
44.224404
40.695871
60.813630
72.822061
29.358509
65.877138
49.302217
41.466100
38.247568
32.633598
14.418521
57.647264
31.263390
34.253813
43.261587
54.028572
83.832234
33.575218
43.608339
77.683461
44.569434
21.695577
24.867444
32.794721
11.597725
18.514698
80.691765
65.754471
54.294193
50.353718
48.884058
22.795916
29.158948
32.938946
28.392274
29.348700
53.439433
38.576118
49.063238
63.461391
38.908344
78.601568
51.233333
67.272362
49.287613
78.220543
70.215794
63.620375
45.186377
69.664554
57.588177
47.552103
55.640224
30.415643
57.841523
27.620507
74.548603
54.857751
46.110318
38.057167
59.772698
78.824314
45.453923
42.200887
30.211835
55.290597
60.441259
72.645643
39.465255
60.792686
75.535128
97.030145
81.525990
26.419822
51.430508
40.599297
24.727895
55.685343
34.197535
35.475523
57.294146
63.865631
104.847204
17.849978
48.453272
65.368379
76.889930
38.038587
47.858050
17.851264
44.399983
47.880998
51.121819
33.970153
38.456971
25.977067
21.241870
42.972477
42.396109
57.467576
37.266713
57.475123
72.976447
36.332296
33.488008
56.317164
61.348571
63.812800
55.125773
25.763758
8.364083
30.778774
28.188176
52.300971
58.828241
42.573139
55.170497
42.470269
46.009604
44.174073
28.511624
38.005186
40.336105
65.027623
59.009910
41.624578
66.257573
63.343380
31.274892
10.426136
78.335527
49.993378
77.743376
43.655827
33.336658
48.738342
60.516084
25.985975
68.769537
62.001235
59.312838
73.242666
55.393901
67.998744
28.091521
66.612451
70.431215
62.337055
60.529023
60.258834
16.682844
51.262393
57.061898
62.435947
28.835491
47.911435
38.922628
63.322224
50.194593
100.055730
32.595849
83.293276
81.984974
47.750763
33.138285
50.470438
21.244039
20.253908
60.180964
15.592297
67.471554
30.977559
44.780772
45.020987
32.300172
51.174856
40.807714
1.551089
7.353628
110.676182
30.786759
69.081477
76.990122
50.538946
64.044328
62.341247
19.943896
69.208546
38.052648
55.689082
57.621761
55.880254
54.170254
86.238453
56.901429
84.007444
33.002623
50.193729
47.665557
53.842931
33.432344
32.156169
45.371482
44.554623
42.769046
58.236490
41.820631
63.707315
54.385822
28.916768
38.737866
60.384590
51.200230
37.214115
38.792396
27.613982
89.380940
27.431295
20.343043
61.555364
60.048287
53.302666
65.208899
42.611795
60.214359
54.020743
56.973580
60.444000
41.239160
66.357717
40.038300
57.695588
51.558797
54.356461
10.681709
69.132868
90.849052
31.767079
41.671383
56.136873
63.057938
56.339536
18.665802
63.222066
47.232843
25.802329
37.768313
66.380720
45.343597
44.652845
51.648992
79.814263
50.180084
56.113451
55.338899
46.089848
48.892000
52.847315
22.562912
59.277741
40.181380
51.126495
41.600370
53.070650
68.448084
51.263694
62.949400
75.821224
48.699202
47.953286
61.776359
73.292568
34.014129
59.898776
39.132683
34.751776
79.576466
39.471412
42.155559
17.851612
